-2.920846836616683103e-04
-1.974064815359875575e-04
-3.942728263861150647e-04
-2.847348300878165461e-04
-3.452439197473558194e-04
-2.920503828193735563e-04
-1.879851092305902271e-04
-3.420177905703655893e-04
-1.913480644763600538e-04
-1.472696901229434677e-04
-1.023632601176697153e-02
-2.845005762183942105e-02
-8.805297658660225443e-03
-6.495586660044689285e-03
-1.644387523627850387e-02
-2.253187389163950963e-02
-5.752279629070686066e-03
-1.572913305679114054e-02
-1.438015832199914142e-02
-1.480703579868218080e-02
1.066900404467257396e-02
1.958891657623094366e-03
-4.803187987923598391e-03
-1.056392847035292522e-02
-6.867185917590813054e-04
-2.514286761894195255e-02
2.405215844166844544e-03
-1.749952340433963763e-02
-1.631326726902504768e-03
-3.082658871628766398e-03
-3.449270526921696667e-02
-1.873246815003853580e-02
-1.969122554866771166e-02
-3.980995487882223877e-02
3.921527387588705227e-02
-3.258870506110538023e-02
-1.005465401628316893e-02
2.734608831229205783e-02
4.437802776792226095e-02
-6.176291508425720000e-02
4.129657618758941079e-02
2.854839569711577901e-02
3.608982964361134860e-02
3.993838031652411497e-02
2.305380060301551876e-02
1.676193305760105903e-02
2.656687317013347455e-02
3.674444773325597630e-02
2.554512828648609554e-02
3.260737150829152303e-02
-3.324370547829669969e-04
7.972580237414378032e-03
-5.464892590304695590e-03
1.184087012475768495e-02
1.294837737712176487e-02
1.472701983096375879e-02
1.021946453013834397e-02
1.479169295803062223e-02
1.084761332220582873e-02
2.934638187370814007e-03
3.202917871933293366e-03
5.035862956634345848e-03
7.731164038195206117e-03
-3.666311275316543224e-03
1.087111992473200825e-02
1.795304470677255154e-02
1.779396823938565395e-02
-3.931963714318898427e-03
1.699440799081896811e-02
5.608963032741698038e-03
-2.025273785715333424e-02
-4.421901428811576135e-02
-3.584686278063130283e-02
-2.042085302559841845e-02
-1.180808794803485731e-02
-3.115919864941755352e-02
8.648887993160466262e-03
9.027682933133586440e-03
-6.583221634331248850e-02
-2.065582046113854583e-02
-1.322022848412705495e-02
1.020187641717872247e-02
2.074875738686175752e-02
1.438770688956961079e-02
2.677387568288721806e-02
2.135258608551979589e-02
-7.232936521970410718e-05
4.711575707570343427e-03
1.481380152918189246e-02
-3.314396405669697843e-02
3.377174290015843953e-03
2.327243593685267070e-04
-1.036165581491852198e-03
-8.925266948525613798e-04
-1.923810180662081839e-03
-7.992576862769329004e-04
-6.448924132477765712e-03
-3.914290201188707144e-03
2.288047727665428431e-03
6.834025485804181253e-03
-8.653197968561033735e-04
2.422803688460944353e-03
1.227203492811179621e-04
3.855318757746687384e-03
3.070010100949211850e-03
2.326564460367348559e-03
1.419254764346085775e-03
-2.036037515692729440e-04
1.534664304707954868e-03
1.500832843762095036e-03
-3.132025060705224961e-02
-2.535958655311027626e-02
1.441352778888294398e-02
7.970589341810347317e-04
1.896451834614695103e-02
-8.583830336056639740e-03
-1.298305471964794275e-02
-4.025719521045911797e-03
2.145044423138153800e-02
7.904865600617736604e-03
-3.071648428788774951e-04
-2.343417931859590234e-04
-1.551010536642307108e-04
-2.075535954526946893e-04
-1.260065992170650859e-04
-2.603865875295898499e-04
-2.467599140906418160e-04
-3.121013542672356226e-04
-3.562312057082188898e-04
-2.272782427223996623e-04
2.331618830941450254e-02
-1.605996494582782657e-03
2.218838228922731526e-02
4.351489677561776181e-02
1.281670506044047149e-02
-2.306260435054415317e-02
-1.113234422525660218e-02
1.246459800377677438e-02
3.432013420390069708e-02
4.045975052098731845e-02
1.135829398259419719e-02
5.642739084331234618e-03
5.661354796198589216e-03
8.185656590485547099e-03
8.199769971076145691e-03
-4.653040405151519752e-03
4.432009449892661095e-03
6.545204880070574355e-03
1.124769344662237235e-02
5.564045145170746186e-03
-1.179763885847558841e-01
-3.887772621126030226e-02
-1.079859175311614489e-01
-8.071949971416428338e-02
-2.657043059662621970e-02
-4.148293458047903892e-02
-1.707859035207351384e-02
-6.341824847407651067e-02
5.985785587130680596e-02
-1.079963126473487967e-01
3.349401748561173231e-02
4.138291650135214605e-02
3.068117368016866700e-02
9.616420429858467400e-02
6.532344396689743204e-02
4.563101177213185755e-02
4.783587467830120732e-02
4.104822427739619056e-02
5.576721209657119899e-02
4.089209760021417922e-02
8.559462936717110448e-03
-2.021913803183842968e-03
-2.927823467999585150e-02
1.576019973793119436e-02
9.477741811757150678e-03
1.663959318532416687e-02
1.597898177056788355e-02
1.696964336124665712e-02
1.964068151511868046e-02
-5.229999723367044148e-03
-9.386831872431971278e-05
-7.544605092530756729e-03
-1.098053320138495277e-02
6.819447691004559310e-03
-1.250893312628078603e-02
9.667656086795248238e-03
-7.231750598079989510e-03
-6.339753318484056077e-05
-1.147527003432498478e-02
4.585934535927860961e-03
1.891464001290920965e-03
2.137202626156680264e-03
4.134947257050282030e-03
1.199000706468528014e-02
-1.603693116768676111e-02
1.005634907928856618e-02
3.278232344990902880e-02
-1.554862256461042765e-02
4.117052409165686093e-03
6.399290341568112522e-03
5.763559069199333806e-02
-1.842034092517185265e-02
3.214414353995940360e-02
5.655830585901000171e-03
4.058410980644612531e-03
1.473350356342923578e-02
6.404106937276153599e-02
1.355404018487016936e-02
5.997681488319705351e-02
5.451878773444849245e-03
-9.605385127473470286e-03
1.483441622429459809e-02
-1.208752966152381800e-02
3.437731725147031431e-02
1.615979103331055197e-02
3.911663839496197503e-03
-8.941939184899666201e-03
2.526493214519429445e-02
-4.295739477638380911e-03
2.629506136909705305e-02
2.708502618934887848e-02
-1.169701783176545391e-02
2.373216600442555613e-02
6.499247461424688052e-03
-9.841560910438985552e-03
8.863960274820644261e-03
8.800405539117673107e-03
-3.322642003791794613e-02
4.434646023693621097e-02
-6.677676054123067584e-02
2.541979120232620848e-02
-1.564584741971266138e-02
2.813900838086740995e-04
6.871874196812803072e-03
-1.274056336925230293e-01
-3.116854754309196507e-02
5.323443512389468973e-02
1.856982846536946175e-02
7.458529397362460844e-02
-9.076433878400340383e-03
