3.587539642423926496e-05
8.226799970744326230e-06
3.806434657503353743e-05
9.034679826412435970e-06
3.648209374483336886e-05
1.095788993450883033e-05
3.258879293191134762e-05
1.246146279323448165e-05
3.459908987272860859e-05
2.813167068189852599e-05
-7.454216015373427411e-04
-3.345035170372448897e-03
-1.391187119289996176e-03
-1.763423826184522996e-03
-2.881580564640938511e-03
-3.125005466520920996e-03
-8.720495415793902329e-04
-2.163043384762295285e-03
-1.907502683096808224e-03
-2.657155653611402001e-03
1.726172465000279268e-04
6.550930920424724775e-05
-3.028457224881314332e-04
-8.747942077981370147e-04
-2.374497434149532775e-04
-1.348469537558235048e-03
-1.177109312751068175e-04
-1.227168383559960104e-03
-1.816452543242142218e-04
-3.629535096801683020e-04
-6.999614924192401784e-03
-3.007350347076376967e-03
-5.025169176784707870e-03
-9.429276990632009040e-03
3.955884610698551414e-03
-7.504152367349218797e-03
-3.626156809650178236e-03
2.809883891658219914e-04
5.619932777783801132e-03
-1.311298348919125167e-02
8.559789802697892469e-03
5.872553328469850252e-03
7.287921407115243583e-03
8.622701911595736374e-03
5.200375833228874922e-03
3.310245638664669615e-03
5.690998938903919085e-03
7.671886569953725865e-03
5.402995243439539207e-03
6.629952269901551350e-03
1.908203550426625962e-03
2.451461860108805624e-03
-7.873464644468524710e-04
3.595721793371377348e-03
3.308989221509807486e-03
3.976625211869354651e-03
3.426674076235916664e-03
4.358597079557609277e-03
4.566703585524046864e-03
7.873297213073956720e-04
-7.469662098924717336e-04
1.126127240371966026e-03
-6.390982991919129429e-04
1.050941060462262048e-03
1.152872849566488654e-03
3.235529541904478765e-03
2.577109720362670293e-03
2.077171411698641864e-04
1.073030043107237822e-03
2.841968330853757857e-03
-3.143923251965483490e-03
-1.229092058563470251e-02
-8.464465339534888930e-03
-7.129129065089553213e-03
-8.685335836345483510e-04
-7.097574545224476401e-03
2.260514709498244370e-03
4.143883555130457343e-03
-1.005716626191626231e-02
-7.033012644228882858e-03
-2.509369739034053148e-03
5.334933565303945184e-03
7.578347289856134789e-03
3.801734225019079514e-03
2.686232659125195165e-03
8.278486238918815118e-03
-5.474681874982321311e-03
-9.702344708444977711e-04
7.016304790210697341e-03
-1.581039088163433554e-02
-2.963894342724377627e-06
-1.027818668718599806e-05
-1.481141772940031838e-05
-1.521337985026285155e-05
-5.814334285196331363e-06
-3.267271910895680591e-06
-9.732971702379674764e-06
-1.303629312369703586e-05
-7.690832745841522791e-06
5.244724588248581925e-06
1.204170209403994862e-03
1.574955556876968211e-03
1.094546043976472264e-03
1.355892944201156749e-03
1.567773285685190735e-03
1.459698764716033277e-03
1.104343260983687604e-03
1.213104746234956212e-03
1.213870623105532155e-03
1.161051592528066726e-03
-4.881182686014744546e-03
-4.002163550685290325e-03
6.898598369817348112e-04
-1.084765888995303058e-03
9.926221429757808162e-04
-2.326193253535896975e-03
-2.601782783615803289e-03
-1.513430952192304241e-03
1.362227749855987559e-03
-6.034400859370200014e-05
-2.368271518853474756e-07
-2.090217854393866598e-06
-1.044490864676672190e-06
-5.551267145669586577e-07
-9.953063314534571975e-07
-1.621975231181677272e-06
-2.693783732304346465e-07
-4.767615381648216095e-07
-6.816652368096934772e-07
-1.694658747460388046e-06
6.309487491440805493e-03
1.188865694035426673e-03
5.191043913646464260e-03
1.160453534133447026e-02
2.994832522581614056e-03
-4.001470193494735018e-03
-4.675870620832440518e-03
2.588457885627541526e-03
8.735808343181191218e-03
1.212293999928896505e-02
3.131955664257754773e-03
1.599969166474196538e-03
1.969809670415300414e-03
2.586061440780358135e-03
1.965142073034284800e-03
4.477230126142565589e-04
2.020596557600906791e-03
1.933206567780715269e-03
2.572079313665524228e-03
1.225067471317457324e-03
-2.499606302724057330e-02
-1.002442254958521226e-02
-2.434080732772439526e-02
-2.362843149676769824e-02
-1.215708611319698054e-02
-1.517814008336508536e-02
-8.533516439993543007e-03
-1.707774928256772587e-02
5.483344371487382761e-03
-2.931015290329234968e-02
5.494463940333689164e-03
5.359859511963680455e-03
4.909759452618019972e-03
1.354841074973258536e-02
8.255982169253035449e-03
5.294893710355608706e-03
6.286648064148810978e-03
6.302836725028731525e-03
7.092330709050932540e-03
5.822467768032813136e-03
6.117066944376873140e-04
-6.457826322782213887e-05
-3.795157669491362479e-03
2.021872656499237430e-03
1.131941560009397168e-03
2.147760902356353994e-03
1.802859625637349191e-03
2.304176995939330366e-03
2.841988576494201488e-03
-1.111623128393533387e-03
-3.292109179997644488e-03
-4.496601742555515584e-03
-5.649781526081878134e-03
-2.437145588617069952e-03
-4.777410936102849046e-03
-2.413492345086568850e-03
-4.461636184128137811e-03
-3.684247465076654141e-03
-5.624573996265726933e-03
-2.676425385295889449e-03
-1.782498509829804007e-03
1.606343823499483542e-02
7.432937853063299391e-03
1.518688070964232563e-02
5.549963958001161678e-03
2.980475807060702347e-03
5.637967253793460878e-03
-1.595591422763030162e-02
2.444543998968022949e-02
5.657942491445903943e-03
1.438441465688164965e-02
8.056691508153318625e-04
9.713777760852205720e-03
3.835301382451577947e-03
8.474213971108233295e-03
3.817172906045206496e-03
1.972123494114466982e-02
4.762423876830168372e-03
1.261655279028586242e-02
4.495515597916673912e-03
-2.059244582414823405e-03
2.338107506002230860e-03
-2.047334758296727539e-03
7.029017374576736199e-03
2.587684526989637510e-03
1.058215661943197675e-03
-2.062808226345250445e-03
4.047774952756306652e-03
4.318819441994054638e-04
6.070005729554259731e-03
6.681144927892209220e-03
-3.013440092504249095e-03
6.202647326617408835e-03
1.776069063357767078e-03
-2.090615252887358718e-03
2.701792731263101457e-03
2.494745420432804058e-03
-7.909888347867344641e-03
1.081431642798178806e-02
-1.625413777785855024e-02
5.455796416908098058e-03
-4.126859320059936970e-03
-1.287372225901094007e-04
1.417705931748920647e-03
-3.044947882551927651e-02
-7.508135451599991760e-03
1.209375815421991421e-02
4.438438893887859844e-03
1.753961655550491383e-02
-2.179124167493814556e-03
