1.787016680758820729e-04 5.702376013716367554e-04 7.098071539855689950e-04 6.323531690323651398e-04 7.924555351684004682e-05 9.729483946077809768e-04 5.099956209068209250e-04 6.989607290630658757e-04 6.597261931059683008e-04 5.284312253662670940e-04
2.984559335026872474e-04 7.114322315684633129e-04 5.853020101602244153e-05 1.636396553396238587e-04 7.707820954022228180e-04 2.587951156210348594e-04 8.926159638265911611e-05 2.630809919780297836e-04 6.869234176776220719e-04 7.643418368352181786e-04
6.829765257510080111e-04 7.237436176211343563e-04 2.216654690268311670e-04 5.971622524920636469e-04 4.868269264443129117e-04 2.042002232035631929e-04 3.064211933751955484e-04 8.438843732434678571e-04 5.255249835344007105e-04 2.134650572176839635e-04
3.176507263210152639e-04 8.999197801402709614e-04 3.554742448735246610e-04 7.042024794847160556e-04 5.947491614106387685e-05 2.712046999278030406e-04 2.169004319855041580e-04 6.672937226655611910e-04 1.449185301120601622e-04 5.951791976400389121e-05
5.011437420891745164e-04 9.323375143714476582e-04 8.469044672741904726e-04 6.042476286117232521e-04 6.205538528013945310e-04 7.460944575355084925e-04 7.876258376747632354e-05 9.627059594141659576e-04 2.012116707135014435e-04 1.437043817100743881e-04
5.737459447263401497e-06 6.570066750359165051e-04 5.796564084271841168e-04 3.012584222331445472e-04 9.529579550378322822e-04 5.888350157593562860e-04 9.547399135887692191e-04 2.733942155957392781e-04 1.469039513003688480e-05 9.577959619062955017e-04
8.367482085790684649e-05 2.105197887571179643e-04 3.893608698596611340e-04 6.109574754978612174e-04 7.512435444216572413e-04 2.649615770809953755e-04 1.095058635700366768e-04 5.819319204157794500e-04 8.984553158598944898e-04 7.901241372885778715e-04
1.735468876059493470e-05 5.236030121166662665e-04 1.493688652571485470e-04 9.042176692838505827e-04 8.123752483662608805e-04 5.121325026791912361e-04 1.478165634279563856e-04 6.362284505347974247e-05 4.723993232893477405e-04 6.031879290978802658e-04
7.763638505820045360e-04 8.151584813032890708e-04 9.591773653442295551e-04 3.329328777981055551e-04 9.141772885375745424e-04 5.221253796537308903e-05 5.889841767266992172e-04 1.249121496074584740e-04 9.682824303222966732e-04 3.518357675112454715e-04
4.675571097178207757e-04 9.716308173350496498e-05 5.393527300952447815e-04 5.289497847542164915e-04 2.336159098790064270e-04 9.464545549387195448e-04 2.571445335386539615e-04 4.085850364894278992e-04 6.795880585811558353e-04 1.887303402024205598e-04
1.822322908662870125e-03 2.797650617242316445e-04 1.819614822583823536e-03 1.258897749962841319e-03 -3.222413332579325145e-05 1.602390061638771322e-03 3.250452464015026518e-04 5.609229648891430253e-04 3.914660203604249274e-03 -1.442791274157379433e-03
3.197751042234212200e-03 1.040495921995101365e-03 7.255217266005078644e-04 -3.399529210890506539e-03 5.035431905266739326e-04 -3.093118323693504028e-03 -4.594429233188692340e-04 -1.415368003165287658e-03 -1.278230059304664686e-03 -8.192396884623008753e-04
-1.960695560342140022e-03 -1.977627192436127394e-03 -2.056225369656458721e-03 1.261525046735948114e-03 -1.132662502179490474e-03 2.530750348135729459e-03 -9.759482221856729915e-04 -6.937248671602660663e-04 1.405657629353855098e-03 1.765472228900864544e-03
-2.038168706706701763e-03 -1.703518808437806285e-03 -3.051053670691170321e-03 8.514049898620803733e-04 -6.814321839397443400e-04 2.635886175112679610e-03 -1.924618283658939121e-03 -1.258908195935354085e-03 2.438110881963267886e-03 2.312515878964666472e-03
2.455449942206256874e-04 -1.328973693589424775e-04 -4.671504302414637103e-04 6.475667674202466263e-04 1.361999184940779293e-04 1.275912022701393639e-03 3.379598555665470601e-04 8.543074256299975060e-04 2.905047939884075527e-03 1.268878389009140198e-03
-7.827023062562518327e-04 -8.180472995761112285e-04 -6.773769317304425153e-04 -7.275267310917273998e-05 -8.366797513042778002e-04 1.318893045778478466e-03 1.471990499174885840e-04 -3.334035302510206830e-04 -2.302075745962849405e-05 2.804392410406650240e-04
-3.669279481302609863e-03 -2.106502385981185062e-03 -1.873022623283707210e-03 1.293868697125395923e-03 -1.821390595260773604e-03 3.052443463041074403e-04 -3.922437873089138285e-04 2.980376468303579042e-04 5.237753638849120897e-04 2.760409899749462995e-03
4.562001816135026954e-04 9.023959471303174889e-04 1.268635558752514037e-03 -2.377617277220653389e-03 1.185674195512636088e-03 -2.963151827670221228e-03 4.056308242859405199e-05 -9.559911229295542335e-04 -2.135503516718825247e-03 -5.132692623270665444e-04
8.845642148230241798e-04 -7.599226128845109436e-04 -1.549422119221073287e-03 -1.004037670139186489e-03 -3.234776463050953997e-04 1.864394934720947790e-04 -1.464961224483615158e-03 -7.935410429656021428e-04 2.108110566248129827e-03 4.817860944102372216e-04
2.050241544563322776e-03 3.941593656248073858e-04 1.127514366584932365e-03 -1.561061525587059424e-03 9.313329011828427526e-04 -1.867095846924588876e-03 1.657434314848883891e-04 -2.922313670839640299e-04 -5.926333332354788864e-04 1.269785656071629803e-03
-5.047218540921227965e-03 -2.927620887106408866e-03 -5.864872240574854449e-03 3.582406801213116471e-03 -1.742210217738323361e-03 5.243999257375028464e-03 -1.854512143194414226e-03 2.958997817699070233e-04 4.942420551380012281e-03 5.750317102411735791e-03
-1.240086012497794953e-03 -1.205301559955094864e-03 -1.415011466544343829e-03 -5.277310481807095640e-04 -6.901537108234394877e-04 7.852073069737262835e-04 -9.931406485297340336e-04 -6.603312291975636013e-04 9.534664915302451440e-04 1.145493687418578472e-03
2.384664823392574923e-03 1.172829476225048127e-03 1.229565716075944372e-03 -2.975117945931326970e-03 9.134593623529138791e-04 -2.264641618537381433e-03 -1.238407763833567756e-03 -1.271662925517277843e-03 -1.622011821307427909e-03 -1.761656811535656933e-03
1.261718169693980436e-03 1.209723659429023327e-03 1.456475790080053075e-03 -1.472376765872198626e-03 -1.398336189987183181e-04 -1.862544599620571993e-03 -1.909513550650146843e-04 -8.538232591898391611e-04 -1.330303598483683312e-03 -1.116676940120034161e-03
4.181096038095483180e-04 2.266413609417769557e-04 3.472154124240323732e-04 -9.620010815100130206e-04 2.000251864278531592e-04 -5.933088835157995485e-04 -3.311443574851236017e-04 -1.354239591948074679e-03 -1.047728665381176313e-03 -6.587161106831892305e-04
8.930465095035118941e-03 4.573225957250539458e-03 6.724156676362319680e-03 -8.674817584081413041e-03 2.152612500553423725e-03 -8.941710915775547691e-03 -4.945218464353773455e-04 -2.850519116834197408e-03 -7.828568976466842438e-03 -7.524389561848114291e-03
1.113099790160104220e-03 5.481572262968059097e-05 3.751937105820041642e-04 -2.855351294503049014e-03 5.720253470576985378e-04 -1.406252435266054299e-03 -1.442970765057268638e-03 -1.353635889746051743e-03 -3.090249799121735680e-04 -2.621328459999899959e-04
5.009913577220322274e-03 1.990760030844378539e-03 3.017669686363385565e-03 -5.247802143390489782e-03 1.287533095703876675e-03 -5.706966902038672004e-03 -4.989412568765880674e-04 -1.576701167445447062e-03 -3.478559140257651405e-03 -4.640838585409610105e-03
1.131383684514410343e-03 -2.922407156373519840e-04 1.935352494302267133e-04 -1.983487221573582105e-04 -1.325098637001091283e-04 2.045750779855531540e-04 -8.164325551608491143e-04 1.385122924898530075e-05 1.094406741198197461e-03 3.360028547329519093e-04
-2.736369405412734726e-05 -1.370894975803227172e-03 -1.432256714168544639e-03 3.197827968509401675e-04 -7.937574763004544504e-04 1.061078387377267221e-03 -1.351475198629420622e-03 -3.894681862383792296e-04 2.226406161264884043e-03 2.038152802776328591e-03
-7.122170509176821082e-03 -3.544724736763119662e-03 -4.151422025415387775e-03 5.112606518377566141e-03 -1.631225975008005792e-03 6.200079110367216935e-03 3.610740029432931981e-04 1.000441148143647874e-03 1.801416051186821186e-03 5.385396035107457499e-03
-4.103313005350317337e-03 -1.316623015861072060e-03 -8.514774588786566505e-04 3.115171368061375561e-03 -8.146788712760276658e-05 1.539093681911664130e-03 1.518010504347524874e-03 1.573982811754182564e-03 -1.309526389583627170e-03 2.259676073092199786e-03
-8.126386609881330533e-03 -3.203899913885921002e-03 -2.498187443353599296e-03 2.387431329870420230e-03 -8.688394130758029946e-04 2.744558775223979001e-03 8.445491930543267507e-04 -1.199684484418458866e-04 -2.458859499421693542e-03 2.153808589638867791e-03
3.735541269400075807e-03 1.726046537222318024e-03 -1.535897612395791022e-03 -1.713956531838296262e-03 2.780283793183385872e-03 1.027847094225071024e-03 -7.650244988258400082e-04 1.189227039943227548e-04 4.877928546616408512e-03 3.793355305339712272e-03
-7.727882965943915720e-04 4.389494981788999352e-04 -1.338036039449313954e-03 -2.781308521885586527e-03 1.177933627482556297e-03 -1.347831266310983321e-03 -1.019331510035603868e-03 -3.705316328247234572e-04 -8.843202420730039660e-04 2.808979210379695512e-03
-1.328577620875822166e-03 -1.441967090288241021e-03 -1.846598020516178893e-03 9.080732262154363752e-04 -1.686938166888499895e-04 3.273602747777158359e-03 -4.035541355930591118e-04 -2.047879807858481779e-03 -6.003905130514165800e-04 -1.090411841456982115e-03
1.065965623467061280e-03 -1.168335546849187407e-03 -3.404214730331630266e-03 -1.790982916726301631e-03 6.262986258011469728e-04 3.780648637853048434e-04 -3.244562907854125523e-03 -1.747567324617567419e-03 3.045589886673804713e-03 4.503313732466349834e-03
-6.662874848450709049e-03 -2.083424944634404939e-03 -3.453410424441503718e-03 3.224805752125721806e-03 -1.088404303470152934e-03 3.195293651942787607e-03 5.442695458936999296e-04 8.836600030296576944e-05 -1.714718754509062491e-03 4.912239374501046162e-03
-2.609386839475888540e-03 -1.605172224403688319e-03 -5.096073042758411838e-03 2.394769104248948600e-03 -9.120569242356968290e-04 3.445355359377929964e-03 -2.017882079680032893e-03 4.653779180014254728e-04 3.213684095399315255e-03 4.996909276481352469e-03
3.911183298733991037e-03 -4.950028251574089015e-04 -2.700589565014407858e-03 -1.746848991123647844e-03 8.527364137819725418e-04 2.121428368769595011e-03 -3.251937705959099222e-03 -2.217932866393632334e-03 7.795253402843136704e-03 3.439497225227276193e-03
2.940327161906453046e-03 2.103140273507715045e-03 3.416881480546841553e-03 -1.946042581288196438e-03 1.133238788912681880e-03 -1.238861518282932152e-03 3.440493813718208680e-04 1.087470828867676068e-04 -1.151414657875469505e-03 -2.975574007825355742e-03
3.905451267749212880e-03 3.198664620782564610e-03 3.972576140505873661e-03 -2.413448490482569386e-03 2.014910258744782509e-03 -1.459429985948694367e-03 1.805534128255644952e-03 3.191597050916118446e-04 -1.893315326609723874e-03 -3.401821212193062351e-03
3.535067290515963960e-03 1.825018132275253117e-03 4.083526623160616507e-03 -1.410472131526845259e-03 2.155523020651806555e-03 -1.875611523194628148e-03 1.082654244970965556e-03 1.071237531467131781e-04 -1.847906564089306152e-03 -3.281623547235196833e-03
4.104653652284099771e-03 2.749353484646480453e-03 3.156939618854512006e-03 -3.911659264357192009e-03 1.191625153930982520e-03 -3.350673876807759403e-03 -2.007010532238178108e-04 -5.725146522739477323e-04 -2.484481256567285402e-03 -3.508641453321531632e-03
6.078577948560104534e-03 3.759055509752060736e-03 6.142866610066213991e-03 -3.300298421380413755e-03 3.271136660569422955e-03 -3.240084137978919802e-03 2.362005195406111785e-03 -7.229986543517871430e-05 -2.959374874305095628e-03 -4.903604767810396635e-03
4.795498982056828688e-03 3.231526896917955027e-03 5.605736836068343949e-03 -1.608447946722744298e-03 2.637877661603014838e-03 -1.549161365560776816e-03 2.526106265406393662e-03 9.071614404692664993e-04 -1.660467305968339963e-03 -3.868479838611338546e-03
4.083284589516693666e-03 3.052402447704716682e-03 4.454721433478156176e-03 -1.854644270454016298e-03 2.450572326410902033e-03 -1.962024508378422839e-03 1.144810660633750841e-03 -3.066003778951742172e-04 -2.319523371781939854e-03 -4.144224566449438742e-03
3.855038571693714805e-03 2.150193476201042037e-03 3.189818529639691126e-03 -1.888450601066521276e-03 1.525636595791205136e-03 -2.019358849040042009e-03 9.792010351052889746e-04 -7.459040521336077938e-04 -2.104226375805174146e-03 -2.448720164401983496e-03
4.452085239678594403e-03 3.428133700801157865e-03 5.481614076988043649e-03 -2.812215029876977048e-03 2.099932421211082173e-03 -2.919363052973228140e-03 2.212267123140594476e-03 -4.533993322908061452e-04 -2.998690637135948637e-03 -4.662534650679647612e-03
4.270870761277935183e-03 2.274532658757882561e-03 3.878136081305608857e-03 -2.250630841795012160e-03 1.688016893429018350e-03 -2.122268336032621504e-03 1.158128649065331018e-03 -4.229217350109214148e-04 -1.687095373668654179e-03 -3.012611038271884902e-03
4.569376592091246685e-03 5.080938423763982359e-03 7.851920737206091391e-03 4.962660110714972838e-05 3.627479851333652305e-03 -3.183237894589185501e-03 6.414257044778396734e-03 3.199725874810314084e-03 -4.648726762401252099e-03 -5.532394218273448301e-03
3.238868299511441905e-03 3.562542195120205722e-03 6.860070957071044175e-03 1.947717106030749136e-04 3.417277525316669753e-03 -2.161175987484350788e-03 4.984848577881451082e-03 3.033358381721223962e-03 -3.036891849577057038e-03 -3.328289456008238882e-03
5.372037763624633658e-03 5.212256966599996405e-03 8.806971318243886349e-03 4.807505131007664681e-04 3.878830954804212035e-03 -3.753537794484417423e-03 5.368040933296702212e-03 4.486805223064518205e-03 -3.001377377196002248e-03 -3.740629698249885518e-03
3.402459784430914794e-03 3.510428136122180701e-03 4.636988935791536148e-03 -1.588109216550057275e-03 2.845783742089244388e-03 -2.469950365743605811e-03 2.198664111060226033e-03 1.466919424479655541e-03 -3.574588637807518243e-03 -4.664235613702381530e-03
3.447588119484802389e-03 3.480468562383542529e-03 5.639591888761953144e-03 -4.821399604068901510e-05 2.397174359915555872e-03 -2.411395652388049603e-03 5.062301328450094333e-03 3.001995044118783203e-03 -3.883757620806148510e-03 -4.115293636379273833e-03
3.611861712472175939e-03 2.989274319420250764e-03 4.368433122267902959e-03 -2.749522612201265497e-04 2.523098257518010482e-03 -1.461997284753939865e-03 2.427631980236308763e-03 1.715794730609374518e-03 -1.843205167526016817e-03 -3.848379769097457891e-03
3.997064380563387052e-03 3.002694452948868279e-03 5.473696546685217178e-03 8.290912035104969820e-05 2.386031101005684548e-03 -2.317267981421699142e-03 3.846666890497949572e-03 1.936254222895540666e-03 -3.467413838990246987e-03 -4.488415337663875966e-03
3.024279372980287657e-03 3.405352255603259857e-03 4.145075249955532636e-03 -1.897433436330284815e-05 1.559916344870849927e-03 -2.480352367783483260e-03 3.481447414550311974e-03 2.003945540455282122e-03 -2.725512679041809574e-03 -4.289669983185332054e-03
3.376856165949870293e-03 3.518039395862633621e-03 6.120158506667738689e-03 -2.431377986481902433e-03 2.299018543182551784e-03 -4.589429003904831224e-03 3.274683625067862074e-03 1.185115621711858901e-03 -5.211406942249586539e-03 -5.731229157222502389e-03
3.312829919491829672e-03 4.060186191805395702e-03 6.877061267291129619e-03 5.306133868745825915e-04 2.798751097198651835e-03 -1.205799723188191860e-03 5.752472290393059219e-03 4.704651863440378022e-03 -2.611413067823458584e-03 -3.446565608770122378e-03
1.788436020875346826e-03 2.093661569680130893e-03 4.865487616146823603e-03 4.471135694173591218e-03 2.650144012580690940e-03 2.818905525685847305e-03 4.986146878576803651e-03 4.840694343903256987e-03 9.772647196732533233e-04 -1.994274199756759184e-03
1.558047557964443433e-03 1.090428323112795040e-03 5.941534663493997859e-04 -3.869525501838397621e-03 2.972075055310681945e-04 -2.522414614360401694e-03 -1.300825703858396942e-03 -1.633400357816655341e-03 -2.066554078700675711e-03 -2.246971329428310536e-03
2.919048894677181340e-03 2.154473201459961625e-03 4.857707030559627916e-03 4.459832840672230125e-03 2.216554701485137693e-03 2.121779825749183727e-03 4.237063323223777718e-03 4.584056694114418268e-03 5.589825353245958181e-04 -2.410271928329469140e-03
3.549529917924145166e-03 1.865633344969439087e-03 2.137209588604741493e-03 -3.697438561421968750e-03 5.028578870838109217e-04 -3.491465431750941008e-03 -6.109337889526181070e-04 -9.523524863567937654e-04 -2.759416756084404499e-03 -3.636592537338151961e-03
1.379583213158612487e-03 9.781293871685900476e-04 1.512052043120039498e-03 3.392991329401116776e-03 3.764971457344693027e-04 2.604242546835286356e-03 2.089649575741173333e-03 3.298714970579475630e-03 3.850705770708167264e-03 7.651474396784902149e-04
2.257852784030398464e-04 4.531575185446203133e-04 2.365423162542763715e-03 -4.415709275959280359e-04 -8.491511808907418676e-05 -2.009696059308908964e-03 1.253677359706899816e-03 4.891793029046199656e-04 -2.514961241553806924e-03 -1.665470136048300721e-03
2.167665332300634535e-03 2.489067113714649865e-03 4.461021242338734059e-03 -8.731943122652105309e-04 1.590366361619335997e-03 -1.788010175001563404e-03 2.021666473813388352e-03 1.633748076818129519e-03 -2.966822700478741019e-03 -2.280357732820191899e-03
4.669447274022598196e-03 2.334122518321838247e-03 2.968778217467483733e-03 -5.660289538714061847e-03 8.652270260470647754e-04 -4.608446478505166463e-03 -1.385380052777353526e-03 -2.086200091040973231e-03 -3.184951633370924819e-03 -3.108860732625257518e-03
7.484279275597043599e-04 9.263060997660627115e-04 9.745517960051596146e-04 2.210314639844231099e-03 9.406125839456925403e-04 1.220001340498643025e-03 1.421437419747043334e-03 1.230040659171518537e-03 6.754927760530592476e-04 -4.426012792463109567e-04
2.765269658653965890e-03 1.463539993830133669e-03 2.742584841461734226e-03 -2.794601130028669979e-03 7.409429110702386422e-04 -3.032781926201080693e-03 -2.439294837583956890e-04 4.213013945232409641e-04 -1.361919643298449946e-03 -2.411499226374002117e-03
3.779752926244430485e-03 5.904021424144753573e-04 1.811545844453761600e-03 -9.591820764276004496e-03 -1.751318110014095977e-05 -1.078992640496450987e-02 -4.082973899774126891e-03 -1.937368561814833664e-03 2.832424736843136906e-03 4.472090807655815237e-03
-1.011641821256098472e-02 -9.107374784355538530e-03 -2.042297680820182731e-02 9.188692413870222964e-05 -2.925593993615042444e-03 8.118499158418314432e-03 -9.295553563339721895e-03 -6.429190890580069317e-03 1.012610119755868489e-02 1.860329119778611137e-02
-1.831983881427320590e-02 -4.547067919681424888e-03 1.059854083836338988e-04 1.375692592558560093e-02 -2.166113074122835366e-03 2.555137220204549767e-03 6.957895444578612171e-03 7.423790280942338393e-03 -4.904808798115333456e-03 1.497434859903846484e-02
-8.551732266662202125e-03 -5.664744482463213680e-03 -1.906664943261731152e-02 -9.055997506400275537e-03 1.602245290081490158e-04 1.030786351707339149e-03 -9.414423887758411810e-03 -4.716577017947303808e-03 3.795284973165841645e-03 1.998728430566817232e-02
-7.970431296408593894e-03 -6.506475842364170883e-03 -1.803421857946971643e-02 9.632894431277880948e-03 -6.602383398718070576e-03 1.054935424412464622e-02 -7.030043723022083753e-03 3.808274799042394806e-04 1.586844783530610981e-02 1.329742387235537636e-02
-1.491799803389045817e-02 -5.216581710757485502e-03 -1.632638317718759433e-02 3.356647209551197504e-03 -2.890566560451141888e-03 2.091484074041155471e-05 -1.304570771882059476e-03 1.623761222163882384e-03 -2.616473255174124688e-03 1.596575909084346767e-02
2.115083747050884068e-03 9.890339304063543169e-03 1.601640016156715557e-02 -1.107812139046218019e-03 7.223110368196399185e-03 -1.495336299091737028e-02 1.306635834524096443e-02 8.374569420909763751e-03 -2.064601333433504701e-02 -6.217645897612935312e-03
2.074566820899855543e-04 3.737121542674381059e-03 2.608617525828709491e-04 -9.966476848323729126e-03 4.332144730847777708e-03 -1.670447017923863339e-02 4.910594850420379629e-04 3.392489844072900385e-03 -7.684170422884014848e-03 9.182845279772066868e-03
-1.481574847515104536e-02 -1.105707945380840843e-02 -1.641207290574909008e-02 -8.710282484623516411e-03 -7.904431028951311791e-03 -3.300332122212366968e-03 -1.226442317562237774e-02 -1.020733694736102731e-02 -8.632243838262478042e-03 3.340581247313206392e-03
-2.379617286559058162e-04 1.893341314900984619e-03 5.066571202881224372e-04 5.858378961734192307e-03 7.791485529379625977e-03 2.084586982940972357e-03 6.044509218086586110e-03 7.214613004640854470e-03 5.758608639978514757e-03 1.015959621562775514e-02
9.246517494614596780e-03 7.141209485254610724e-03 1.486040641807106523e-02 -7.572778061404738126e-04 4.478127629931357226e-03 -5.371530974166633873e-03 6.748028689658189597e-03 3.355330604992443413e-03 -7.679600337195718364e-03 -9.550445151668954594e-03
5.236806521226324354e-03 2.777807795846097441e-04 1.215778789461537633e-03 1.883451282191141943e-03 -1.430132617693935255e-03 3.827451885721012536e-03 -3.063926183408502597e-03 -1.003074385985110476e-03 1.018774034330064207e-02 2.218427378878500868e-03
-1.868225685333588541e-03 -3.157630753311985194e-04 -4.639113841789326877e-03 -4.294819321683272101e-03 -1.187674165943923858e-03 -5.682846869964800797e-03 -3.310059255883173335e-03 -1.645864660355725101e-03 -8.426091356080338312e-04 4.733689641621742841e-03
-6.486706812414543694e-03 -3.036127024691065174e-04 2.915185993003975313e-03 2.108806933290351213e-03 6.149710327928491291e-04 3.805000650852866399e-05 4.644811557665984997e-03 1.819211626499644529e-03 -5.490678349765560837e-03 -7.599768538975441336e-04
8.495912794060084608e-03 6.271062162351999890e-03 6.538093120767451624e-03 2.937645598534224800e-03 6.659241626939432432e-03 -1.976142549925122543e-03 5.953100456959120948e-03 6.658391593850253309e-03 2.896895900458973903e-03 2.205633430227053014e-03
-5.318921682722425577e-04 1.003006710651800724e-03 4.395961435418128081e-03 -4.911027283237084928e-03 -2.835103962203293880e-04 -2.407764099599578756e-03 1.803226727564581286e-03 -2.777484747593175068e-03 -5.733950907770404663e-03 -6.064175005791024552e-03
-1.773673861497380511e-03 -3.928096797909353018e-03 -1.093355288418128290e-02 4.479135346594126962e-04 -1.811429560917493260e-03 4.134099637698576690e-03 -6.131325343019484314e-03 -1.230077742248688504e-03 1.042325331164727260e-02 1.007217585090652151e-02
-3.597722679123091342e-03 2.590953411909875572e-04 5.506360829341024749e-04 -8.785828397951959880e-04 -1.533638824312917332e-03 -5.215664136308494070e-03 2.704920071615191188e-03 -5.285969191095795473e-05 -1.002173512100265097e-02 -6.683187692367337229e-03
4.065888958278988420e-03 3.746213268818188169e-03 6.807919049512662149e-03 4.266684165623715018e-03 4.576593702738248129e-03 4.910226886657977248e-03 4.884432857964362933e-03 2.875206725533854726e-03 6.722267017926149800e-03 1.512593077668157289e-03
7.741357262820847476e-03 -1.661670663194646463e-04 -6.821556737325527343e-03 -6.592717245666626473e-03 4.975572814027673195e-05 -1.115281015193005142e-03 -7.527461456955313046e-03 -3.839412772546548815e-03 7.238785221807963674e-03 6.349425413157284981e-03
-1.203484027541895169e-04 2.392053446322438693e-04 -1.114437247068053539e-03 9.192882594577215681e-04 -3.075956362508870711e-04 1.237365024219703753e-03 -3.699616714744977802e-04 3.132353901304682194e-04 2.003236624521504642e-03 1.860006639497430473e-03
6.792123881155326609e-04 8.273368040364341338e-04 9.271412694913821508e-04 4.675901613713185707e-05 3.295503599539974498e-04 9.004452074665137383e-04 5.495593447872137820e-04 -1.372326566492584226e-04 2.005918544833470800e-04 -7.412331874421055613e-04
8.143646482789479229e-04 4.717086157929030964e-04 2.676188542121592435e-04 1.052770073650950131e-04 -5.480290864704288336e-05 9.436152718915645173e-05 -1.314605110415216732e-04 2.583897798815934228e-04 1.466631112911976134e-03 8.668583343727045195e-04
-1.763665447451411516e-04 -6.987583693629436125e-04 -1.109677834371654986e-03 7.994032217138551371e-04 2.712321219514801044e-04 4.966750760521437737e-04 -5.664896934480952682e-04 2.899980043466264361e-04 1.452313363917275761e-04 6.098161394707553697e-04
2.286897691759033711e-03 1.215145002332314837e-03 1.930337607518946676e-03 -1.353739859279505476e-03 9.770073101395913145e-04 -9.186104891616565359e-04 3.063972873130786840e-04 -5.822451349142082839e-04 -3.569813237514388280e-04 -1.219647696366936906e-03
1.270664094874444201e-04 9.161388196896119111e-04 1.288053616401928355e-03 1.703433887820148419e-03 2.647491594512539539e-04 1.249071927348132348e-03 1.546192490769708128e-03 1.908273555309170652e-03 -4.043260751234071062e-04 -7.632773745965504243e-04
2.544918854776408255e-03 1.433895342344767036e-03 1.622951692804257186e-03 -1.523137263799847021e-04 1.400144327196523215e-03 3.303899259537364263e-04 6.704952542614038254e-04 3.619557294326846233e-04 1.576923023073997180e-03 4.881187049956183660e-04
8.566393636179272944e-04 3.214431257251389369e-04 7.383103923954370497e-04 -7.010165383992370295e-04 6.939519371069445032e-04 -1.589158488566319366e-04 7.680394669553315895e-04 2.337805776950669149e-04 -1.075692492621099566e-03 -1.201218384296890226e-04
-3.504480590963650658e-04 -5.710406288133635560e-04 -1.028437495286714087e-03 2.154337606248665511e-03 -4.290018263390509858e-04 1.897196869919187982e-03 3.931308872033967392e-04 3.947757186528270674e-04 1.051473595428418194e-03 1.000671156493959787e-03
-1.363094314266895517e-03 -3.167553735072053608e-04 7.525552594504527877e-04 1.957266658440186963e-03 -2.110376861017706314e-04 1.480431580006720538e-03 1.296774801548321960e-03 9.710549686925092940e-04 -6.016833467991191450e-05 3.691457021240785266e-04
4.585626498671193513e-03 -4.064109260388337405e-03 -5.698033421516052882e-03 7.832633542403854773e-03 -1.065189736771739778e-03 5.027941115339122982e-03 -4.712318838111764947e-03 -3.189621133432190333e-03 -2.712638774951826089e-03 -3.264003581816926364e-03
-1.228167450295262857e-02 -4.923875811382588154e-03 5.957924144401754302e-03 -2.883203448126931377e-03 2.228810129777782176e-04 1.606425323319049135e-03 -2.290393865759592052e-04 -4.269829661937829361e-03 -2.218737844147006776e-03 6.665918182684453346e-03
-7.929718794943956678e-03 5.722083173407221078e-03 4.801609465791652730e-03 1.221864603404495403e-02 -6.232619955153699629e-04 7.215156037915429824e-03 -5.069951214852256270e-04 1.094862351245302380e-02 3.058002756923909604e-03 -8.386577013312137077e-03
-5.062689936696593111e-03 -1.081203443992258305e-03 2.872544112539210251e-04 1.781560562914770310e-03 -9.171192890847845031e-03 -1.268532423481591974e-03 -4.830374095248457685e-03 8.636231007681426097e-03 -4.217180604483583908e-03 6.398042652752146224e-03
-5.020846345891142801e-03 -6.218453552335197199e-03 -9.746228972750443573e-03 -3.136430624082243296e-03 4.916916839632500154e-03 1.061265451491053566e-03 -8.075101028265025196e-03 4.109928693406884534e-03 1.004010100061830495e-02 6.749747473297405993e-03
2.882171374086016716e-03 5.660602639505928069e-03 -2.047121536421181182e-03 5.842348823025473106e-03 -7.824529924342604401e-03 4.694513418909913686e-03 1.563518424805363481e-03 -1.976837253059398041e-03 4.560691347219656203e-03 -6.841087973050611476e-03
-7.572029676567427169e-04 6.984599227199348066e-03 4.051530778693024359e-03 -3.568623240423460588e-03 3.835866619216208966e-03 -6.758928618954083284e-03 5.827499244209685333e-03 -3.320624110960648974e-03 -2.958260550781541785e-03 1.116219130427457441e-02
-7.051450862942564533e-03 -5.148315824738343253e-03 6.935133808034316116e-03 -3.459817142813356207e-03 4.488497577525424331e-03 4.059028562556958597e-03 7.890363744144462260e-03 3.792437157393736998e-03 4.968223810234798435e-03 -6.615889095142301821e-03
-3.591742500368586607e-03 -7.583821930933958531e-03 -8.057482842125710670e-03 4.984670041922283426e-03 1.590089721095901511e-04 -5.452480999797526019e-03 -7.121506344994641899e-03 1.120486468528643581e-03 8.661235704616085732e-03 9.018587552473308205e-03
4.803370511757639252e-03 -1.096418412512792373e-02 -7.392265588366970022e-03 -4.561895166949536500e-03 -1.180335394757120633e-02 9.958842646283301916e-03 2.104806669487842199e-03 -3.218992423741945993e-03 -4.853375861300295024e-03 3.339105698812463822e-03
7.373837984274313586e-04 -6.875650820641501879e-04 7.200331175713203238e-04 -1.903378598294727349e-04 6.186919184448490261e-04 8.085097023103536519e-05 9.517518205024293751e-04 2.010430543435497239e-03 1.039959893053575882e-04 -1.361251764191891362e-03
-2.616652747356734026e-04 -9.294199310120078439e-04 6.769739246103024773e-04 -7.318544187035885005e-04 -5.602152852236158597e-04 -1.675939583286343475e-03 4.120944251984627041e-04 1.059020559006218411e-03 2.110834253371854602e-04 -7.064425884087161163e-04
-3.878593753670588886e-04 -6.515780545105471057e-04 -1.410978728848389643e-03 3.593385052438806491e-04 -6.821358322753739989e-04 -1.572908755822363279e-03 -9.609044055738816086e-04 2.089353265447227957e-03 -5.317407043502046272e-04 7.760584089595684012e-04
-7.564709854277348541e-05 1.752882586074897041e-04 -1.903599477955690772e-04 2.986539276182463370e-04 -2.539326832868504477e-04 -1.144729791888625565e-03 -1.047571148039987349e-03 7.655332598164269354e-04 -4.190379801655322680e-04 -1.029719497072077196e-03
-2.933220890407378309e-04 7.688319572747234504e-04 3.911328971591957653e-04 8.679990666654325551e-04 7.961187879173537135e-04 -6.981153594045784927e-04 -6.502798644573630320e-04 1.516696287932383985e-03 3.517934274973888182e-04 4.462979410069644747e-04
1.343026800259873761e-03 -3.721636574421488520e-04 1.275967923129584089e-04 -2.719157269682365998e-04 -1.724143384692648859e-03 3.053288231848586584e-04 -1.253855688522504265e-04 6.988529027672633117e-04 -1.510263924499644561e-03 -1.033811129924658203e-03
1.347708986096420643e-03 5.591101776358060535e-04 -1.121102014562330631e-03 9.197161054344851457e-04 -1.504405503734496932e-03 4.726752537068395913e-04 9.395298916327615843e-04 1.823751722798830095e-03 -1.223809588076610810e-03 2.901634253698279231e-04
1.321640042753854504e-03 9.417088838708621108e-04 -6.279350909918140567e-04 -6.680920078649120767e-04 -6.801956722361303430e-04 -7.767367908056876285e-04 -5.511580976456012916e-04 1.638660886061135387e-03 -3.161688491899748753e-04 -1.350419163022024104e-03
4.270933407980020811e-05 8.840459724453687742e-04 -6.530770327575489064e-04 9.579979400996425920e-04 -6.286205741310899823e-04 -1.043856683986113315e-03 1.551184895764667567e-04 2.709193508668238538e-03 -1.305225049744166061e-04 -1.184132380434679919e-03
3.615654867733063130e-05 8.667396045204712757e-04 -9.156282482063487398e-04 8.190563638621345139e-04 8.832297224884791149e-04 6.227592600543366448e-05 1.139652428880473783e-03 9.735263640481764272e-04 2.997072110530896324e-04 -4.116463439983762885e-05
1.111731458229506394e-04 6.444326007589805524e-04 4.139827038310356843e-04 8.196688656596185993e-04 6.922786664197622033e-04 6.966634163252263898e-04 6.010890987357972795e-04 5.411291111979665272e-04 3.997181027567770699e-04 4.371929956594910907e-04
5.804799476618412759e-05 7.116440025274279116e-04 2.017882498675363566e-04 6.191027944266642730e-04 4.867656545316376626e-04 2.278659699429537553e-04 8.298325077558766976e-04 6.121619256627677461e-04 3.755547500709244279e-04 8.540414059235891661e-04
3.383086117053514660e-04 4.988874902585924533e-04 2.205586933484907748e-04 1.812796990546676782e-04 5.676245765791060457e-04 5.652678147262503526e-05 4.526749129917054270e-04 2.744859297936365458e-04 1.209762520276513951e-04 5.882794377264649209e-04
8.045930386378868752e-04 3.444808958896505326e-04 2.034604357698039290e-04 4.909165174564056192e-04 5.320586960589721460e-04 1.668262990094655622e-04 2.469042793768521033e-04 9.164203851501483578e-04 6.755843389770633395e-04 3.964807256973709010e-04
9.291307474044147420e-04 1.698805873271161889e-06 2.860717057806657824e-04 9.048221071959710714e-04 8.572879084248174184e-05 3.240273681967363985e-04 1.739402798601059875e-04 9.577462627960981302e-04 6.094218947097635982e-04 5.326198214952736253e-04
3.791192380073438411e-04 4.730974096492884396e-06 5.750416686738719007e-04 3.789827588580684361e-04 1.853111083649310574e-04 2.968968515144178397e-04 7.102757261305819988e-04 6.294576359722891959e-04 9.268856172157752477e-04 7.268065364938118122e-04
9.624704537387245365e-04 1.211791703845790041e-04 9.723141910318135791e-04 2.239163408456017891e-06 6.589404166367014335e-05 4.367707215486427283e-04 5.262077278599882084e-04 3.467644370355082084e-04 9.198672097795989591e-04 5.406528420793663874e-04
1.611851254001378606e-04 8.832976741124003509e-04 9.869242943892043377e-04 8.117146408759931715e-04 2.752493306494480682e-04 5.754894708832546894e-04 4.517566404098099153e-04 3.657324400810903989e-04 2.776661300584451681e-04 8.952947129263004976e-04
6.322851616413525467e-04 1.808342682190059488e-04 3.753996076127987273e-04 8.860612835631322300e-04 2.119930354126199677e-04 7.518829155184850741e-04 2.521005759088404212e-04 2.755692497619518469e-05 5.370199144644303025e-05 7.164370784658776739e-04
8.824839665232937867e-04 5.262569077499494380e-04 6.464225126821471819e-04 1.319450161237680494e-04 6.146277849671602782e-05 7.471473167025230195e-04 8.407206478892452787e-04 7.794483262313293536e-04 4.863565020568273354e-04 7.140256773709105238e-04
8.229730133888295621e-03 2.286229188029479872e-03 3.949703649567709238e-03 -9.335514103676602294e-04 1.511037265044620380e-03 1.779737703451328857e-03 -1.604671538735466616e-03 -5.861417764628657759e-04 7.733334139259443948e-03 -1.631232484091036609e-03
1.020110928983485044e-02 3.926819869783387471e-03 1.135419182440765111e-03 -1.042140048990076312e-03 2.527661232212332319e-03 1.061393446963381339e-03 -1.209463700560329830e-03 1.039049705699085328e-03 8.869818849922278189e-03 1.563811608387907781e-03
-1.462735842961742153e-02 -7.969323972287211191e-03 -1.263817527544081575e-02 2.577271895815414372e-03 -5.715634562903775494e-03 5.005510140383406630e-03 -4.402501209853711302e-03 -2.978456625465895208e-03 -2.973875216989525262e-03 5.989606549639046700e-03
3.985601606309924216e-03 -7.182584833754967948e-04 -3.988366535945431397e-03 1.178343439608639520e-04 9.055545101568901857e-05 6.959010925553522561e-03 -4.607218457474910982e-03 -2.188140091301373890e-03 9.848920349390395679e-03 1.807095443246754720e-03
-4.475592767372870459e-04 -5.610809730735522244e-04 -1.989569501838301009e-03 -2.268198683528517556e-03 9.138621023343589361e-05 3.132142371401596141e-05 -1.800063270788884338e-03 -1.847336233887234220e-03 -5.958455490854977846e-04 2.896286467392865816e-03
-3.691743915141474253e-03 -2.684280161502987025e-03 -7.912055042691596221e-03 -1.804014095673096450e-03 -9.194981003920815136e-04 -3.304710271586850647e-04 -3.693826334171792982e-03 -1.366240558606428811e-03 3.316751078309231222e-03 1.085326663603074226e-02
-1.147999009036082454e-03 2.031424121932089849e-03 7.273527320885270729e-03 8.937078153327950372e-03 1.720093645977215525e-03 1.106594270496315691e-03 7.907142479215459666e-03 8.076467049039273011e-03 4.438656079243420011e-03 6.208167708191422718e-03
9.582088337629331501e-03 4.437830043893440345e-03 7.393034681172912931e-03 4.566569012324901873e-03 3.041912628274013024e-03 2.958205988167660321e-03 3.040323816394810853e-03 5.443728035278745311e-03 1.250106319675102495e-02 -1.237886235153908823e-03
1.128027796275947632e-02 1.639757513336993289e-03 -2.827562490400916534e-03 -5.703417337031768501e-03 2.146199875131741056e-03 6.024795632609040129e-04 -7.111524068462877872e-03 -3.506925715908356615e-03 1.269188910772218841e-02 3.965317142002169025e-03
5.974505214409411846e-03 -7.970681562261301830e-04 -7.834544740078316916e-03 -6.886676064619983405e-03 7.233045308888951539e-04 -1.525676547569319213e-03 -8.320537743534757447e-03 -4.220543523558529207e-03 6.992634197857627160e-03 4.088883436253712596e-03
-2.016826962082772599e-03 -1.212734261719787153e-03 -1.414961740203594335e-03 4.552898442673277042e-03 -4.124337077152792565e-05 4.817012187051284908e-03 8.652012513726794118e-04 1.836302395207404939e-03 4.411546404890089902e-03 2.808622426990987908e-03
-2.891196182915770161e-03 -6.958847088489737882e-04 -9.722790588148688207e-04 3.595790969076498485e-03 9.209195394003697171e-05 3.092830699768757668e-03 1.344376330349061682e-03 1.552271444953183272e-03 2.839789357700768426e-03 3.463848763496606056e-03
-1.575897057688086227e-03 -1.422240931290706298e-04 3.520444177385154702e-04 3.249768436261240342e-03 4.156910968678306393e-04 1.800556387510010223e-03 1.790144050481404670e-03 2.108507245034715091e-03 1.315199100228107250e-03 2.042593086536057066e-03
-6.241985724054620755e-04 -8.091946576849448668e-04 -2.198183349293078657e-03 2.148979983098388204e-04 -2.738695055435257054e-04 2.164075163688247965e-03 -1.325797212730236508e-03 -3.735562949354779899e-04 2.530745893716786384e-03 2.301463761568739181e-03
-1.594501446625532252e-03 2.939301179304704289e-05 1.489599974529815874e-04 2.520343810051259986e-03 -5.568059630040130459e-05 2.345193915670899538e-03 1.012976671370850040e-03 1.689030587363154427e-03 2.003365265645836932e-03 2.603425294644817582e-03
-1.900646731374036396e-03 3.703493094648439561e-04 1.657654742141000071e-03 2.363577190695973721e-03 6.832803636070536226e-04 -2.843293204439323969e-04 2.344727490898827673e-03 1.706674478263972517e-03 -2.053854933611719107e-03 -5.193906865794579997e-04
-5.594056782583306997e-04 -2.512296321388183987e-04 -5.190906703804585480e-04 1.273045226533477299e-03 2.008380442630456524e-04 1.841420916501199882e-03 7.941726439510295426e-04 7.769110352826130153e-04 2.712142123192345933e-03 1.881609981745874065e-03
5.004001172113710545e-04 9.869675937496356650e-04 1.855098042898767124e-03 1.570994312254381025e-03 9.159438180955700292e-04 1.853746966427436858e-03 1.382295417307721763e-03 1.375657518319571256e-03 5.512077527652448419e-04 6.597218863529821613e-04
-1.584061176249891957e-03 -5.221808078435702686e-04 -1.270262508412132790e-03 3.250251321846680825e-03 -2.557379695556693329e-04 3.517196202235837663e-03 6.710729584523781070e-04 1.745280970287688398e-03 2.995783143805151941e-03 2.677020734172911275e-03
-1.069836996305088784e-03 -5.985094818642221334e-04 -3.850629081452022480e-04 3.718360257867976085e-03 -1.635264006423648711e-04 3.458830032825919477e-03 1.600135233281278768e-03 1.479316993935005098e-03 3.728795298520827441e-03 3.329621382505212022e-03
6.752646134730544598e-03 1.775169854287651523e-03 1.279212013412886310e-03 -5.478526098999016505e-03 1.012830828059959731e-03 -2.911931617846236393e-03 -2.719174108632517461e-03 -1.979285157116934379e-03 1.257149147095235888e-03 -2.212259188348610420e-03
5.694352977831216786e-03 3.216233589444805231e-03 4.827502361946442444e-03 -4.789781739233187475e-04 1.976838556512023389e-03 -3.389539616356574076e-04 1.691163914447909840e-03 5.054602725437752023e-04 9.244822742797640649e-04 -3.231509940330966769e-03
1.467052041592357969e-03 2.709170696393069298e-04 8.157179534704951402e-04 -1.086036456786684075e-03 6.214587879490178534e-04 -7.140529053337278664e-04 -3.930691650775927225e-04 8.026377863197713190e-05 1.251449354417897989e-03 -2.488145886501989855e-04
6.152321866475483902e-03 3.527889947758580582e-03 3.328190818683848546e-03 -2.979188969839700104e-03 2.384330285777474211e-03 -2.725215398423450498e-03 5.221350060113529560e-05 1.884935180573346603e-04 4.778240192959829001e-04 -9.940957445863250665e-04
9.431464898990457677e-04 2.831059920306666297e-03 4.363439463549886183e-03 1.217725939309238043e-03 2.369282776479892435e-03 -8.011730303128627561e-04 3.935593854719057934e-03 2.553551793789975849e-03 -2.429047578526069215e-03 -5.394285709958615950e-04
-1.518735672845966450e-03 3.847041509062713470e-04 -1.626687731108227052e-03 -2.070588734632409101e-03 6.954102053061786718e-04 -1.476602065337537500e-03 1.201547853085829890e-04 -8.174854624273026780e-04 -4.441423528107878507e-03 5.299288335536705714e-04
8.492599191186387883e-03 2.786600199879261334e-03 6.851504869950545643e-04 -3.100697958898711651e-03 2.252046847109397121e-03 4.723951628654127449e-04 -3.098388832272013556e-03 -2.158837467833135118e-04 7.066559056054704316e-03 1.134581264537603369e-03
7.906584089326931190e-04 1.285486208640216612e-03 5.298892074772967040e-04 -5.571000152114403102e-03 7.595014914987086941e-04 -5.859406462764191713e-03 -5.606532966380799177e-04 -1.499194725547890999e-03 -7.143839426093802521e-03 -1.669093964629711361e-03
3.925414341446356765e-03 3.002317624188540705e-03 3.368127392551907053e-03 1.409921602265352134e-03 2.017977343697872471e-03 2.031085565733467633e-03 1.198299963404438799e-03 1.606539192051000898e-03 2.921711314473074330e-03 -1.046861776088552857e-03
4.546049101360050484e-03 2.671311272781387754e-03 3.139308777098163104e-03 -3.481433562519768102e-03 2.036173312548144546e-03 -4.075999831396042578e-03 5.028384509705952033e-04 1.780811935083519387e-04 1.734944375229446821e-05 -9.065414593765829627e-04
5.603251566367504176e-03 4.250076175321188324e-03 6.371428804225141504e-03 6.288506387881224666e-04 2.845582597463331559e-03 3.965048364090535595e-04 3.007444193466824334e-03 1.701685271682283965e-03 1.660503820637235055e-03 -3.270967778304610055e-03
4.832718116635755477e-03 3.171120474037089024e-03 5.367246669083809187e-03 1.544459822918644665e-03 2.521935547564760783e-03 1.294158861679707085e-03 3.068756839524225052e-03 1.905874380506770299e-03 2.631770480007712687e-03 -1.216418455352706205e-03
5.474278351468832293e-03 4.125431733401101718e-03 6.546317204830696089e-03 1.355124222551623483e-03 3.008085836103056333e-03 3.263925193003559735e-04 3.048067099702579750e-03 1.962267538976809108e-03 1.111254826267833772e-03 -2.559937109596809035e-03
5.081793446362557407e-03 4.321994998144540120e-03 6.954933877315877880e-03 3.175397803476874819e-03 3.221175490211667866e-03 2.760727559801380744e-03 3.990759917768890372e-03 2.929182832987277905e-03 2.962493855547893885e-03 -1.788111878789618763e-03
4.520464814918435763e-03 3.259118980932914408e-03 5.029596522431770481e-03 2.973754864954087848e-03 2.965349442202664613e-03 2.268496028358182610e-03 2.927626493075938599e-03 2.872407892350394964e-03 3.364117288250758567e-03 -5.268948090264691632e-04
4.392612863044203543e-03 2.848360576579906950e-03 4.443990107938674584e-03 1.602809830397058152e-03 2.760029040588816377e-03 2.272997551159009616e-03 2.651484285235358729e-03 1.850428154349076804e-03 2.933273543913508981e-03 -9.179945867336182811e-04
4.929890111896519100e-03 3.592878158990032815e-03 5.274695810530648926e-03 2.208673868386602183e-03 2.706448217649988063e-03 1.471640710112180400e-03 2.398175028987372184e-03 2.194674627669439184e-03 2.267468595920049765e-03 -1.881828395902014617e-03
5.607222809560160476e-03 3.917006335607669913e-03 6.194657402304365283e-03 1.823108520574134948e-03 3.100255971434093000e-03 1.243725150037047235e-03 2.913459323409245752e-03 1.502622055775104919e-03 2.092285393814934807e-03 -2.206541751979569557e-03
4.942155388230454888e-03 2.998627979246090702e-03 4.954405683163068917e-03 2.023342133843983228e-03 2.560619568494220104e-03 1.490733499894781114e-03 2.941001883250412424e-03 1.918889724772721234e-03 2.797669496119597251e-03 -1.140237711421025714e-03
4.697284658789691557e-03 3.624644707282033938e-03 5.630012081212098021e-03 1.219324506024459459e-03 3.017206450668761565e-03 1.240707930590067209e-03 2.781800524675394782e-03 2.176175422477922682e-03 1.747595878302946222e-03 -1.948279281226100376e-03
3.051918961877922616e-03 2.210212589189679278e-03 5.198210773122106249e-03 9.900480776308855438e-04 2.004479458638968800e-03 1.479532058308640559e-04 2.747868044386144598e-03 1.494616449075873103e-03 -6.188149461155407853e-05 -3.387393496264442128e-03
4.198248389988006209e-03 2.774021700706604931e-03 5.736842843419830314e-03 6.785341607480906254e-05 1.764454889911142108e-03 4.514048865653692442e-05 2.960014927926357241e-03 5.333258731694101151e-04 -7.741988193864621400e-04 -3.969470286341554750e-03
1.181064244023457372e-03 1.970863300359480558e-03 6.907649179932897655e-03 2.310406330925764747e-03 1.414952320435226233e-03 6.539652811042436734e-04 4.302573368684704802e-03 1.524182769721871972e-03 -2.458270119509074758e-03 -4.880752752102641805e-03
4.188279127706380674e-03 2.836812451070772501e-03 4.520709153003453148e-03 -9.930509009380096216e-05 2.241887627995476934e-03 -5.948695360528090067e-05 1.343989645980445645e-03 1.164429925196763631e-03 -5.450360072009889818e-04 -2.984976192944546053e-03
4.122673615322961296e-03 2.855589545513169750e-03 4.489242817699379620e-03 1.140327402274891323e-05 1.491802494654658135e-03 -6.047450833081597526e-05 1.902762964769872615e-03 1.151475672751036414e-03 -3.699974012353638374e-04 -3.776767515411279079e-03
5.099249756865664035e-03 3.376674105253644424e-03 5.016204334782761211e-03 -8.565192996993791408e-05 1.786736769377583484e-03 -3.245392689105951168e-04 1.480068876402902038e-03 7.524748895565660416e-04 3.750834620760604252e-04 -2.936991132280393144e-03
3.767180153044522115e-03 2.987020619046873177e-03 4.963825274126706412e-03 3.098779509756238921e-04 2.053713532740277219e-03 3.393055014836776954e-04 1.734566218211351218e-03 1.100725016002823296e-03 -3.724804970474994165e-04 -2.873787901608701803e-03
4.919759187235040084e-03 2.674325591644718860e-03 5.446464973919256693e-03 -7.002562585091443330e-04 1.868473827334503692e-03 5.856190219140872897e-05 1.790421575662108633e-03 6.186908751777353771e-04 4.145881438108425430e-04 -3.607133566013179683e-03
5.873539721299184113e-03 2.902675564394880618e-03 5.185952047298858156e-03 -1.437765757652227768e-03 1.960983547990581641e-03 -8.863465454501897765e-04 1.194526668486056015e-03 6.077957501688281564e-04 -1.359807092660165063e-04 -4.075116770400460595e-03
1.874851228214635419e-03 2.336769081311976509e-03 5.592270210783171179e-03 2.429453174204072429e-03 1.764775204989057957e-03 1.658059568741488505e-03 3.169925348964707044e-03 1.460876867750915669e-03 -8.263215687057179131e-04 -3.358657130653651662e-03
4.349946767126059224e-03 3.008958254970365946e-03 4.639258858851304582e-03 1.368146103536697217e-03 2.244681854448339446e-03 8.367683709455030422e-04 1.960571397165312285e-03 1.451677250119721334e-03 1.387537620308975077e-03 -2.060682358283780127e-03
3.712979902157487969e-03 1.633904391646204225e-03 2.682823043583828799e-03 1.460803444163898037e-03 1.766276683433868093e-03 1.075211085472273535e-03 3.725234631114669650e-04 1.296190279324366821e-03 3.337354277739110631e-03 2.986194924168965054e-04
3.408736066353672874e-03 2.404681349264236549e-03 4.207193768884892084e-03 1.745956573073506081e-03 2.247144219358838350e-03 1.079320402284298904e-03 2.029726108662336867e-03 1.970265973157402008e-03 2.711621874907655869e-03 -5.540496719063404962e-04
4.024878601884882175e-03 2.098925226969154591e-03 2.498106192477085857e-03 5.633531893521785206e-04 1.248502012285507322e-03 9.796310896281288250e-04 1.793420059870377343e-05 1.673983726280566485e-03 4.613418108078378918e-03 1.544649146910458343e-03
6.324322390151723705e-03 3.307306506382178685e-03 4.209989575066300921e-03 3.288274212202074915e-04 2.663629014745209651e-03 1.596304158062783777e-03 5.905504157925371353e-04 1.336085260383834379e-03 3.700839603618882780e-03 -1.333647154749282053e-03
5.723847685321506798e-03 2.623100920684719173e-03 2.919689058634514396e-03 1.150964779707960720e-03 2.106487922547950128e-03 1.433493795657996396e-03 3.058189632428533374e-04 1.656488673910052126e-03 4.777341072970389332e-03 7.474932520358018497e-04
4.028132856177753067e-03 2.540763258851590038e-03 4.012166181190064858e-03 9.844705546721275492e-04 1.411641923179182776e-03 1.440580289128238177e-03 1.157797451115150783e-03 2.114328821286681412e-03 3.015607499143386789e-03 -1.132238785350294383e-03
1.824879767300741128e-03 1.391830681361911704e-03 2.018627609260960961e-03 2.029569798834974029e-03 1.099052037894239931e-03 1.875661687156918861e-03 1.084461976840598316e-03 2.162585041875972162e-03 2.846498251356346151e-03 1.481922802883343460e-03
3.910650616233247480e-03 2.515987167956034842e-03 5.038767562219525695e-03 2.113220581411234117e-03 2.122598411376114443e-03 2.538418638382545795e-03 2.886155249296752136e-03 2.310328823467775253e-03 3.485561530255284861e-03 -5.717782490500325498e-04
5.267115830803993475e-03 2.000215715400574783e-03 2.160461325239761143e-03 -9.008607237785424345e-05 2.235032446529923358e-03 1.367850737072378057e-03 -4.236664494952927179e-04 1.568420034098246853e-03 5.322302051325544618e-03 1.559960554972080653e-03
-8.047322579499418052e-03 -2.882461397836363036e-03 6.896193759623834435e-03 1.537510917413990354e-02 -2.370608617145938263e-03 6.028153799917241457e-03 6.147341286511202527e-03 1.142972000371449311e-02 1.726338909222127280e-02 1.100502649830488976e-02
2.183403010191176889e-03 8.257309609960104130e-04 -1.317561386182681182e-03 1.371110730107765775e-02 3.065150999458449155e-03 1.012458301501160431e-02 4.706556566074755407e-03 5.427388038463376585e-03 1.594765134748953386e-02 1.430112862860648260e-02
-1.873924165318410773e-02 -3.891945518585510316e-04 1.977629435637043645e-02 3.039085712021604227e-02 4.384920078810266848e-04 1.189765652106776136e-02 2.058857014269396477e-02 1.589692673079330654e-02 -2.888012919935289968e-03 1.036284302068090496e-02
-6.950354814815961181e-04 -4.572171853104592919e-03 -2.783398942126025233e-02 -2.059719039305820190e-02 -1.217768089741262530e-03 -5.398149165551914715e-03 -1.888650878166065958e-02 -1.047156833558629541e-02 7.293456263126290098e-03 2.620741021743294707e-02
-1.699204766748005010e-02 -8.058957663070877991e-03 -2.481715719911392268e-02 1.442075437992732835e-02 -8.418911124769612453e-03 1.123182894172812182e-02 -3.117487008917670804e-03 1.441801402660836898e-03 8.875102902752070311e-03 1.224606368805586550e-02
6.718842301067185982e-03 5.042749038118189177e-03 -5.112263734760563727e-03 9.434282793124216041e-03 1.620826099041545489e-03 8.841482556358207234e-03 4.697324747897698750e-03 5.188713221651154207e-03 5.494826723430213701e-03 1.279710082396633879e-03
2.042814710646390780e-02 1.548270530817899907e-02 1.620617194405513106e-02 3.604830553977493926e-03 7.650608313853377029e-03 -1.240612369962657523e-02 1.033712134648518376e-02 1.228320434772037402e-02 -1.028490140204567750e-03 -3.461887373872811046e-03
6.548047612073715912e-03 7.521210148776071719e-03 1.228171631455222783e-02 -1.021640104921378925e-02 7.117147966753792354e-03 -1.889094172577177738e-02 4.372497674343000205e-03 5.839001181600700537e-03 -3.194740344366681604e-03 7.609868845293969904e-03
-4.944405162665101855e-02 -2.038439952932787069e-02 -1.317176653708235050e-02 1.965645836547144990e-02 -1.128395642644704037e-02 1.602344372439704415e-02 7.140000349624656996e-03 7.893874805002727181e-04 -2.301274424496826954e-02 2.515316192213248436e-03
-8.679449492504737185e-03 -2.482606494619500354e-03 1.269342437537160709e-03 1.362709222485423630e-02 7.044299218823954142e-03 1.184479955708472518e-02 8.658131654135876876e-03 6.558670618760173258e-03 5.573463949132347224e-03 1.016156880277872994e-02
-2.926105397280415188e-03 -1.463123191839982903e-03 -3.761766752801812795e-03 -2.566455076292045744e-04 -1.122319373714072234e-04 -2.328047588404813127e-04 -1.522406944390723629e-03 3.174092363557006868e-04 1.595411719727082595e-04 5.691934019942045467e-03
6.158377275927977117e-03 -5.486963506651489292e-04 -2.610021928652320970e-03 6.784280887733968105e-03 -7.040680700960568568e-04 8.673851043305379899e-03 -3.021185627835559166e-03 2.920239375930960661e-03 2.136617364687990947e-02 8.933248925794985348e-03
-1.388548023357736270e-02 -6.345550079558595104e-03 -9.542298156234398088e-03 1.158938742914470375e-02 -3.634688387439404846e-03 1.069563196036042024e-02 -1.825526862292837615e-04 3.552361948923209514e-03 8.051140202743002974e-03 1.089476675229294513e-02
-1.143049613002279641e-02 -6.938546797054617916e-03 -1.098715164336879456e-02 2.840960045213192144e-03 -2.742223278653349756e-03 4.408721862748904430e-03 -3.047990613006775970e-03 -1.446777436823583546e-04 5.335083218570253055e-03 1.442956764154773586e-02
6.288629213469034557e-03 2.601048080294229934e-03 1.425782782288810991e-03 -5.452944041434374528e-04 3.204311683615748262e-03 1.168810353846901594e-03 2.416268741235706665e-04 3.368360871759863446e-04 2.874665121381131914e-03 -3.628786129859241146e-03
-9.566962849210455463e-03 1.219565118703924358e-04 3.292161925818529091e-03 3.387120940606005819e-03 5.801879314570549534e-04 -4.376624843752626760e-04 7.875351971400738546e-03 4.469182041779270510e-03 -1.009984980094112694e-02 -6.814788277693214135e-04
-1.813902110325665493e-02 -1.046110946721856907e-02 -1.439983956955120589e-02 7.956056575554355456e-03 -6.501142377171541947e-03 1.168183643827793231e-02 -4.028695106206380168e-03 -1.975588420767217419e-03 3.539992099298660058e-03 9.020297728371352852e-03
4.780315620844608621e-03 4.640820669865615596e-03 7.580534808426299745e-03 3.957388156314962761e-03 3.787882466502497884e-03 3.088405380584548915e-04 5.652101779686412308e-03 5.362211823908014270e-03 2.308578247260162364e-03 -1.578180459405036139e-03
-5.975020602524804512e-03 -2.218105878613151147e-03 -5.769558191976225867e-03 1.825226909119531324e-02 -4.836403133636966154e-04 1.616652162764517162e-02 3.353084982021348019e-03 9.206503033820164980e-03 2.059774907499957106e-02 1.468545571205411016e-02
-3.718282356098112640e-03 8.584774435427097630e-05 2.936582635795045165e-03 1.007799001879930434e-02 8.233331323079044186e-04 5.081070891454208226e-03 6.025504789957378260e-03 6.652353665382700933e-03 3.688317662391530933e-03 5.945329981030561539e-03
6.662507500976357641e-04 7.933135277289414099e-04 1.948650748752998960e-03 1.904083682953808081e-03 4.131726176179245842e-04 -5.950045805399206038e-04 1.439095145488123546e-03 1.604243612547312774e-03 8.224701007427288879e-04 3.233657303088348714e-03
-8.258418648017679673e-04 4.673794603649557636e-04 -6.939167269095662194e-05 1.722958003085688517e-03 2.041858914126508449e-04 2.416553093615766718e-03 1.010348679995651472e-03 -2.119034800455511553e-04 8.871215864433642400e-05 -8.072225762504395546e-05
1.683868223248711875e-03 1.919629580493656569e-03 5.616372367000697745e-03 3.909230698336636431e-03 2.174358963392760465e-03 1.611651564416780643e-03 4.389001976553723317e-03 3.205455695164439751e-03 2.657671408715106803e-03 1.601210686223521413e-03
-2.764681936824998389e-03 -3.990621404133693493e-04 -1.820875693261163331e-03 -8.226249682489655867e-04 -1.022561032504425539e-03 8.845709549705436112e-04 -3.496266438549305421e-04 -2.321779248400736555e-03 -5.230847070282690532e-03 -1.404661326248877930e-03
8.849373464460144828e-04 5.465592844369841210e-04 -4.075879126989618716e-04 1.971622172262610883e-04 1.083192664827061858e-03 1.095232890787110761e-03 3.738821337449250970e-04 5.808280075150894922e-04 2.520576658918330989e-03 1.702627161122540617e-03
-4.831765135830510703e-04 1.497736009788848280e-03 2.138391564262260083e-03 2.234760263375710262e-03 3.457488495228793401e-04 -3.217180372635957721e-04 2.430810178894220446e-03 2.670243172844252461e-03 -1.364477581224376578e-03 9.325978385034854653e-04
-1.159224003191549821e-03 2.391632876485588082e-04 1.038288914772627280e-03 3.511866450189830499e-03 -3.310700051240060234e-04 6.799092116739246161e-04 1.841218593593364067e-03 2.978790750371023387e-03 2.770859771097769052e-03 3.083209729785796847e-03
-2.720366451892840525e-03 -1.101618142185668359e-03 -1.958817414003116361e-03 2.021978904321055769e-03 -2.414639132140668416e-04 1.491771495838020625e-03 9.602833728568218414e-04 1.389605211483360041e-03 1.030516410896507125e-03 3.304731190211624651e-03
-3.186995510365814147e-04 5.037491746947502609e-04 1.423887268432123734e-03 1.953275471062747379e-03 7.529240362648107919e-04 9.552310614068471257e-04 9.730067063053093792e-04 1.739050528001187925e-04 5.690375235184719476e-04 3.438326521932690331e-04
3.431052582240683591e-03 8.008055835737129275e-04 -4.553169699322101669e-04 -6.313950772053065824e-04 3.224198568609022231e-04 2.649585769428834756e-03 -2.050802973950800658e-03 -7.862737314101233155e-04 3.462049988675701667e-03 -2.113613302153215506e-03
-1.885350418401928168e-03 -1.232028521791829609e-03 -2.454419898216989287e-03 1.961456974247998775e-04 -6.598759008128894307e-04 1.200551098043375290e-03 -8.254869648869483933e-04 -1.045932639686894669e-03 9.467820069499095770e-04 2.468837494122925937e-03
1.169775146622424719e-04 2.644511441383472195e-04 9.886081106119466635e-04 -7.068343363493227857e-04 5.324614013029863079e-04 -1.208957909670857825e-03 8.573547958010007851e-04 6.345631667299434257e-05 -1.008767575050025867e-03 1.429235453862744859e-04
-1.566134047794110959e-03 -6.315360001440515790e-04 -2.436474968897472341e-03 8.820297097986067665e-05 8.614068884217009785e-05 1.975325968856662376e-04 -7.708362004947800702e-04 -7.138997385183429864e-04 9.630778792500343339e-04 2.633751458586804529e-03
-8.570984444424419816e-04 -1.664043677269125743e-04 -1.280140048623822991e-03 -4.932951844520679172e-04 -2.335570985171509667e-04 -8.743934029981910265e-04 -1.633344500085405547e-04 -4.103209578781134045e-04 2.641072371387167755e-05 1.516395455334555893e-03
2.794679073205555333e-04 5.060160963445729191e-04 3.629476561072862511e-04 -1.076903515119536367e-03 5.443270223333989457e-05 -9.884028328541701654e-04 5.429787086708291093e-04 -1.222639556333118545e-04 -7.068430175644761001e-04 1.056815184644582350e-04
-9.781956819851465867e-04 -5.277246827291016918e-04 -1.723341330241602272e-03 -3.538177468032433545e-04 1.421564719429959127e-04 -4.487765410410757792e-04 -5.384690823936706325e-04 -9.113530951483062807e-04 3.452311211631756724e-04 1.485448891218623096e-03
-5.529534771146006654e-04 -2.858261840922452632e-05 -1.189732081958720612e-03 -1.259467774863225729e-04 -4.166522673941026769e-04 -3.286053652367841105e-04 -1.048025519643771544e-03 -3.830067063258586670e-04 2.615140048051742337e-04 1.439098577895717591e-03
1.635135070252309412e-03 1.612525682802464812e-03 2.631966514648860327e-03 -1.114023048487047937e-03 7.573999454499266443e-04 -2.417802740527086412e-03 8.623569201640017383e-04 7.227549819207035320e-04 -2.489947645868150362e-03 -1.670289887834566864e-03
-2.142484875977491553e-03 -1.371733980270272270e-03 -3.456525919787543661e-03 1.510104959527554323e-04 -2.111600642090490250e-04 1.358906788029896548e-03 -1.372457099258163424e-03 -1.283645664857157535e-03 1.959448567390369416e-03 3.865788751979157539e-03
3.352664427268561669e-03 2.971798303015318887e-03 5.553161283796102105e-03 -1.559868570413842307e-03 1.438130981025323614e-03 -5.129694606065418085e-03 2.156508908055901428e-03 1.014875669532332722e-03 -4.205725332429549601e-03 -4.910276818740179697e-03
-2.023879771996168943e-03 -6.138661592145876070e-04 -2.644810556978904447e-03 2.071722444997091492e-03 -6.026910312612704482e-05 1.209922343810999846e-03 6.210476683701338747e-04 1.764695501527225934e-04 2.923728236733800969e-04 2.419351933443257725e-03
9.764881890688637206e-04 1.199399513976563865e-03 7.895755181688275497e-04 -4.450226650266226876e-04 7.920134124615843584e-04 -1.831816205640187170e-03 9.952647047834204709e-04 1.762188745771817926e-04 -2.217883029872670664e-03 -6.948648435180705034e-04
-5.030417017023183996e-04 5.169085389367649580e-04 -7.118177935374293483e-04 5.401150042423665237e-04 4.194427514507195341e-04 -4.758308004561030962e-04 8.142160434350450421e-04 3.483744046252092966e-04 -8.070551435204882358e-04 8.289217143991433993e-04
-5.677090162729036063e-04 2.968126562878510804e-04 -1.168590062541430318e-03 9.816030595654421514e-04 3.503234584761856594e-04 -4.426465118628469927e-05 7.199779089401588247e-04 -8.033333285703655847e-06 -7.144344621330895109e-04 9.895295252009541839e-04
7.773074429263223534e-03 5.864931460277562035e-03 8.778452074948456252e-03 -6.084937714040924810e-03 2.747211268526863343e-03 -9.364737832243917592e-03 2.689172919514889668e-03 -6.757016216658212658e-04 -9.386619613647409488e-03 -8.392521381469678771e-03
1.408394452216698428e-03 1.796475627075253987e-03 1.647434577317742144e-03 -1.335943413778410867e-03 7.230028170373853803e-04 -2.595086747208589627e-03 1.113319935106182575e-03 2.732260604534835643e-05 -3.127693649100091351e-03 -1.548708706616260282e-03
-3.467750413363997891e-03 -1.566825513988468095e-03 -4.655235898153426387e-03 3.607144056260956459e-03 -4.835978447320925960e-04 3.216293287099296436e-03 1.920511596789691521e-04 5.634746961032953460e-04 2.441465632415728594e-03 4.571508355039622003e-03
-1.670837463142269214e-03 -3.907202989593884404e-04 -2.072170266748681218e-03 1.410778939738459910e-03 1.397313707217375228e-04 9.547648201733887133e-04 2.379824011908996740e-04 6.727427671012498078e-05 1.638846537704206108e-05 2.291168975028918392e-03
-4.739667951833641778e-03 -2.463624826360641569e-03 -6.132640474971627967e-03 4.746419606934178248e-03 -8.526935322371337767e-04 4.495105311655494922e-03 -3.213313935589770780e-04 5.764591964188233494e-04 3.458864421488356666e-03 5.893765032415600180e-03
-2.251293323245651975e-05 9.893639117033161887e-04 -4.460496090208139887e-04 1.207688436598718822e-04 6.898511606518286515e-04 -9.188525015285565903e-04 8.615395833789892465e-04 -1.308949452212840802e-04 -1.723932393916433178e-03 4.521832276412541987e-04
