0.000000000000000000e+00
0.000000000000000000e+00
0.000000000000000000e+00
0.000000000000000000e+00
0.000000000000000000e+00
0.000000000000000000e+00
0.000000000000000000e+00
0.000000000000000000e+00
0.000000000000000000e+00
0.000000000000000000e+00
-0.000000000000000000e+00
-0.000000000000000000e+00
-0.000000000000000000e+00
-0.000000000000000000e+00
-0.000000000000000000e+00
-0.000000000000000000e+00
-0.000000000000000000e+00
-0.000000000000000000e+00
-0.000000000000000000e+00
-0.000000000000000000e+00
0.000000000000000000e+00
0.000000000000000000e+00
0.000000000000000000e+00
-0.000000000000000000e+00
0.000000000000000000e+00
-0.000000000000000000e+00
0.000000000000000000e+00
-0.000000000000000000e+00
0.000000000000000000e+00
-0.000000000000000000e+00
-0.000000000000000000e+00
-0.000000000000000000e+00
-0.000000000000000000e+00
-0.000000000000000000e+00
0.000000000000000000e+00
-0.000000000000000000e+00
-0.000000000000000000e+00
0.000000000000000000e+00
0.000000000000000000e+00
-0.000000000000000000e+00
5.832029147388132807e-03
3.914507200161490043e-03
5.000082343348750784e-03
6.068252735146559620e-03
3.311911235756320130e-03
2.183472633079957051e-03
3.777791660413256161e-03
5.230527006903166846e-03
3.680097800509656188e-03
4.504745114162625637e-03
4.889964836564380114e-05
5.501902051311933654e-05
9.781106523440646750e-07
8.408575829819557633e-05
7.078580925550369426e-05
8.778884029819736452e-05
7.849404376379504858e-05
8.972537697038741335e-05
9.365402086877716006e-05
3.312092264422062873e-05
0.000000000000000000e+00
0.000000000000000000e+00
0.000000000000000000e+00
0.000000000000000000e+00
0.000000000000000000e+00
0.000000000000000000e+00
0.000000000000000000e+00
0.000000000000000000e+00
0.000000000000000000e+00
0.000000000000000000e+00
-1.990485671887671105e-03
-1.061318029272451113e-02
-5.982859636359186793e-03
-8.095942218809297139e-03
-1.913465290532207494e-03
-3.046748764420322778e-03
1.725840177681654515e-03
5.476149164141400592e-03
-9.641301358810411629e-03
-6.437724913488277780e-03
2.744313496466244270e-04
5.258678793509959266e-03
3.755211069173947872e-03
2.602752242880916611e-03
3.294395555233589450e-03
6.106964099444476407e-03
-2.978789476906266998e-03
-5.011059387943878844e-04
4.346026149313919097e-03
-8.960319762406092695e-03
0.000000000000000000e+00
-0.000000000000000000e+00
-0.000000000000000000e+00
-0.000000000000000000e+00
-0.000000000000000000e+00
-0.000000000000000000e+00
-0.000000000000000000e+00
-0.000000000000000000e+00
-0.000000000000000000e+00
0.000000000000000000e+00
9.330477710558291024e-04
1.020523950079315094e-03
9.828671021245715018e-04
1.104633774760891991e-03
1.134044606831006953e-03
1.002526779836039172e-03
1.052277137964404991e-03
1.055754614270506967e-03
1.020250566035173483e-03
1.124331635299717028e-03
-1.691656697555079820e-03
-1.661661719200517758e-03
-8.082660677548566056e-04
-1.118962730713568034e-03
-7.502101078196231993e-04
-1.339969715366050784e-03
-1.409907014333307718e-03
-1.142799285725265394e-03
-7.211722159633640128e-04
-9.326496428790381115e-04
0.000000000000000000e+00
0.000000000000000000e+00
0.000000000000000000e+00
0.000000000000000000e+00
0.000000000000000000e+00
0.000000000000000000e+00
0.000000000000000000e+00
0.000000000000000000e+00
0.000000000000000000e+00
0.000000000000000000e+00
3.507947314584921889e-03
-1.958601628039121481e-05
2.952790879197363192e-03
6.224581722038836570e-03
2.144482480567364187e-03
-2.440430598475885546e-03
-3.105090527248368249e-03
1.802269416177268869e-03
4.418212654676499131e-03
6.441739023558046284e-03
0.000000000000000000e+00
0.000000000000000000e+00
0.000000000000000000e+00
0.000000000000000000e+00
0.000000000000000000e+00
-0.000000000000000000e+00
0.000000000000000000e+00
0.000000000000000000e+00
0.000000000000000000e+00
0.000000000000000000e+00
-5.020613515400972060e-02
-1.079951339185084187e-02
-4.527644703640667373e-02
-3.859438080869650317e-02
-1.130375221880671952e-02
-1.601997441307525388e-02
-4.970508499485188671e-03
-2.481945399661891760e-02
3.139232298931893955e-02
-5.266116113785763997e-02
9.842536065643087140e-03
1.042742379194701308e-02
9.270578019680154880e-03
1.994385813561039972e-02
1.419058727236710213e-02
1.055828534528971928e-02
1.145866765728833538e-02
1.098056622926802707e-02
1.259686982527858518e-02
1.053595620900606503e-02
0.000000000000000000e+00
0.000000000000000000e+00
-0.000000000000000000e+00
0.000000000000000000e+00
0.000000000000000000e+00
0.000000000000000000e+00
0.000000000000000000e+00
0.000000000000000000e+00
0.000000000000000000e+00
0.000000000000000000e+00
0.000000000000000000e+00
-0.000000000000000000e+00
-0.000000000000000000e+00
0.000000000000000000e+00
-0.000000000000000000e+00
0.000000000000000000e+00
-0.000000000000000000e+00
-0.000000000000000000e+00
-0.000000000000000000e+00
0.000000000000000000e+00
-8.592886782226448646e-04
1.056637652476322305e-02
1.136321612927501841e-02
1.134953875588531544e-02
1.522663278489182507e-03
-2.451019586736944214e-03
6.452462629009744419e-03
-1.406597120377045887e-02
1.869932479015209287e-02
6.466957670994922559e-03
1.688762842018383739e-02
-1.681316100351281512e-03
1.153649334240521365e-02
2.728703780064807311e-03
9.668151157901511139e-03
5.669379499433961633e-03
2.570529728389113130e-02
4.231110473963945080e-03
1.719727127483999113e-02
1.741480415687298713e-03
-0.000000000000000000e+00
0.000000000000000000e+00
-0.000000000000000000e+00
0.000000000000000000e+00
0.000000000000000000e+00
-0.000000000000000000e+00
-0.000000000000000000e+00
0.000000000000000000e+00
-0.000000000000000000e+00
0.000000000000000000e+00
9.088073963790080411e-04
-1.358394605921337266e-04
8.465689544597599422e-04
3.864682664978568772e-04
-5.522793087701041460e-05
4.482317525069638036e-04
4.356352146671081172e-04
-6.863570321315676584e-04
1.367685473688644944e-03
-1.578636057720832469e-03
1.043080507971924815e-02
-7.240247620857375062e-03
-2.695186655871450272e-04
2.672980328942183535e-03
-5.612829107504953285e-02
-1.399252205064452532e-02
2.260220092992996574e-02
7.809675409041259495e-03
3.238574623536986247e-02
-4.039086921279234216e-03
