3.014565251758634382e-05 8.761356964025190930e-05 1.012508342107024367e-04 5.107475454473752894e-05 5.677650319145208132e-05 5.857560070312500774e-06 4.381481337090839052e-05 2.209388617334151188e-06 9.603562930662370956e-05 3.918288169753761743e-05
8.647259367546994435e-05 5.761975053086932437e-05 3.181499599207943747e-05 7.221670829024042469e-05 7.767746350649460112e-05 1.033312723783988380e-05 1.621738062774880939e-05 1.031383000187385997e-04 7.980082108936566306e-05 2.971378945028218613e-05
8.230101209366616683e-05 5.445624169860866594e-05 2.732713884159660705e-05 9.305945149630307693e-05 4.937053350466999690e-05 5.947006636793530872e-05 1.251287569640283025e-05 5.951007519604659178e-05 3.188110266599092460e-05 9.752968246391516770e-05
9.768721273656705219e-06 5.446719595414188859e-05 4.905225672435568581e-05 4.843289344184705528e-05 3.490213928413127205e-05 4.559636862045703641e-05 9.503083214791253799e-05 5.753351187113544331e-05 3.138093169820671850e-05 8.235575940196639317e-05
2.641970334336644384e-05 9.024843359154578585e-05 4.626756017746364263e-05 1.037304878289467102e-04 5.445443435081898114e-05 5.489098612183894216e-05 5.869492485105379747e-05 9.121272666229746648e-05 9.084957107649803138e-05 3.332081091516080608e-06
9.520002188870120238e-05 1.826807880080050524e-05 -6.992969477127193146e-08 3.933614600801805134e-05 8.117433100719966942e-05 3.173171135375351521e-05 4.423426496763625877e-07 7.544632662767774048e-05 1.011345017044588859e-04 4.633415189539961303e-05
5.371716143811666662e-05 7.806363963145366265e-06 1.066250936017254676e-04 6.236660114565269859e-05 4.754048930046907804e-06 1.061235631041557522e-04 9.246748693825414386e-05 7.611105137251049726e-05 1.164084007286673249e-05 2.020460590607776069e-05
4.518003299276081906e-06 9.507861005028838883e-05 3.815473506312071043e-05 1.217549255399956000e-05 3.104924246831345329e-05 9.768886404001770631e-05 7.690861822539915365e-05 9.307963011016148432e-05 9.477402994697887119e-06 8.713575845122070404e-05
1.231071957486241400e-05 9.705095018161829688e-05 6.241967433823641411e-05 7.646941101457408293e-06 5.558858290830228515e-05 6.196040270859235366e-05 7.796918939544957147e-05 8.878955540951558620e-05 8.552262992534083767e-05 6.347215092076821067e-05
4.063486430103456862e-05 7.369064227751946628e-05 8.486699653161582275e-05 1.506934492730539254e-05 1.820462747545218259e-05 5.843102974308213266e-05 8.327081398601279653e-05 6.669778183947356275e-05 1.565452711128509730e-05 1.828930781130147260e-05
6.762704617393528904e-05 1.202534703354780513e-06 1.170893542123539499e-04 1.334154357923257818e-05 2.361827759687144373e-05 4.468274434442909407e-05 1.061022227929817171e-04 5.868397831578236226e-05 3.911002202666048749e-05 4.444917997969999470e-05
-3.034095215388845431e-04 -1.857253351824326732e-04 -4.249397600763280133e-05 -8.821453445780850101e-05 -2.537603017183387522e-05 -1.411173944396830753e-04 9.203658879122337907e-06 -1.176770024829994069e-04 1.192294755260542494e-04 -1.448528974692932464e-04
-3.608073964827363889e-05 -4.406691988847453073e-05 -1.304109955820094587e-04 -5.381989045483230030e-05 5.761779690366274260e-06 -1.229058411467775320e-04 -1.217927575085756437e-04 -8.765365379856831271e-06 -1.015259048687664243e-04 -5.234909981206053628e-05
-2.638454707774895750e-05 -2.617458401480893754e-06 -7.703916634018667968e-05 -4.132657780536260790e-05 -8.570365127501903819e-05 -9.358171751638451242e-07 -8.027046549236838114e-05 -8.094775343983543327e-05 -8.781915401961761024e-05 -3.407593677206934078e-05
-3.001510449614217587e-04 -2.163615594626532718e-04 8.627833614296433716e-05 -6.133638749538848861e-05 5.550139043445211236e-05 -1.288508000282347012e-04 1.468186089658719807e-04 -5.390255344192857042e-05 2.640809657770701118e-04 -1.188844953414090532e-04
-2.211099755474738981e-04 -2.012116576770145687e-04 -5.742299221898584737e-05 -7.992776752153436099e-05 1.242388154548083727e-04 -2.626022734753748504e-04 -5.214691486473916682e-06 2.019585931169403544e-05 1.205681958249334190e-04 -1.161628588473689590e-04
3.668600855865624625e-05 -1.506812344750547858e-05 -1.801268600213827933e-04 -5.267764286994119064e-05 -2.761589707718466889e-06 -1.461243811306088699e-04 -2.006734277852615137e-04 4.592396124300032818e-06 -2.275600388203392736e-04 -3.257285718880725925e-05
-3.124294360487549650e-04 -2.066709274179727657e-04 -5.314852973021723127e-05 -8.486666917013084360e-05 3.779461035534930133e-05 -1.937877123874659458e-04 1.820217877483143511e-05 -7.942879239907407653e-05 1.474034484646383615e-04 -1.435542273034077056e-04
8.592723808265111024e-06 8.071860216833787318e-06 4.247945081090544910e-05 -1.322702050554157921e-05 -9.437223911672972313e-05 8.333312910761438001e-05 3.097170806370538404e-05 -6.239718092220798002e-05 -1.933026753217131558e-05 -9.992385324497146456e-06
-3.309416495418351012e-04 -1.912826230699218042e-04 6.779890065161397496e-05 -6.505555410139201406e-05 -3.654071692603649401e-05 -5.296123985294480058e-05 1.382508993932852700e-04 -1.320213737732095830e-04 2.402329206692660306e-04 -1.446570838495927363e-04
4.348834678158151288e-05 7.533783363750734278e-06 -7.253430917805381061e-06 5.955134748744105958e-06 4.324723917520490428e-05 -3.801917277068006269e-05 -6.659079011451888035e-05 6.834280215111423985e-05 -7.706084581504868056e-05 2.897369340091406870e-06
-1.911669800114898052e-05 -6.941039495081490591e-05 -1.051970428640706939e-04 -7.117590997058394642e-05 -1.018584818950512911e-05 -5.842903267147653946e-05 -1.235856638089007000e-04 2.260212680032615237e-06 -1.281283141636809138e-04 -6.535343945735545693e-05
-1.685589833784614734e-04 -6.618147793580869535e-05 -9.732043996391467552e-05 -5.401599104943259334e-05 -6.738389553442440975e-05 -4.813867045211142333e-05 -3.859170851720913290e-05 -5.776469135893667065e-05 -1.236985065864117629e-05 -7.294227535980243122e-05
-3.013719915668575783e-04 -1.748489195104976272e-04 -7.419828205429682260e-06 -7.387068617499798851e-05 -1.034549063045664858e-05 -1.324020187864968778e-04 2.071543849339258419e-05 -1.056664780909950709e-04 9.861017038886929346e-05 -1.448143801533606403e-04
-1.422399146276433755e-04 -1.478804935892161579e-04 -6.183983569135341387e-05 -8.247603814831890978e-05 1.651942416349800143e-05 -1.956066308241477709e-04 -6.304642479419120238e-05 -6.891089684074270464e-05 -2.164094404238042459e-05 -6.551747957584652649e-05
-4.700807162489431296e-04 -2.609231583649436990e-04 -4.906365417909599249e-05 -1.060519134535207954e-04 -1.327358773095933895e-04 -1.606304913456037015e-04 1.404510509903886226e-05 -2.177394977883212207e-04 1.487033767165291489e-04 -1.883313010638609309e-04
-9.860622588564543170e-05 -5.570377871261273522e-05 -9.627967258456313505e-05 -1.014730442265868659e-04 -3.179127627749186552e-05 -7.388369667103421323e-05 -7.113798593355169910e-05 -6.589471385168512330e-05 -6.132932771571640248e-05 -7.752861638566731336e-05
-2.986684934799190721e-04 -1.637207245185592810e-04 -3.271657189194532273e-05 -1.282427077056807162e-04 -1.264307982363844021e-04 -7.361617515798727068e-05 -2.835145710324846809e-05 -2.051599041973081511e-04 2.947630473098801244e-05 -1.584302176835811616e-04
-9.550549550553944639e-05 -1.047270655383663484e-04 -1.346769718223783073e-05 -7.128596107732769927e-05 -1.429975833649494627e-05 -9.360234808813852961e-05 1.082858734041825322e-05 -3.850202562524519835e-06 1.289685367938028511e-05 -3.130365656145691678e-05
-5.976719775574753339e-05 -4.630702620474851073e-05 -5.094310730285987884e-05 -6.560874609264625472e-05 -5.415182828199110738e-05 -5.439602668444275388e-05 -5.666630144280223404e-05 -6.924889293236927894e-05 -2.465521026509342279e-05 -7.565059406955535793e-05
-4.637992353956140075e-04 -3.371390939055743689e-04 -7.749004060106353200e-06 -8.715812253289757360e-05 4.254980764101858612e-04 -5.220957535270319850e-04 7.984477706649975917e-05 1.842575824839777802e-04 4.615589137434262341e-04 -1.841334066803495596e-04
-3.102721332667806404e-04 -1.967230650080930318e-04 -6.805881847368581723e-05 -1.511865990754114153e-05 1.381722384822209142e-04 -1.847841683818420369e-04 3.952105986987831146e-05 4.117533217831295065e-05 2.271790359579476803e-04 -1.075532366131632989e-04
-3.966241739745984428e-04 -3.618525980446322802e-04 -2.705403461459963553e-04 -6.661967862040412715e-05 3.870535576485842062e-04 -6.869279820661487171e-04 -1.766860279660023255e-04 1.623239171851323381e-04 1.650478656251637053e-04 -1.859178974743725852e-04
-3.642604405141438109e-04 -2.325865781864693634e-04 3.081308999383158636e-04 8.105873193708436916e-05 2.763829002247361567e-04 -9.538454347718414801e-05 4.178636382456731436e-04 5.979381405348537534e-05 6.736205554221155181e-04 -6.064773518597712328e-05
-2.784503877140838391e-04 -1.067743256140022643e-04 -3.508116430603714449e-05 -4.965259568789791224e-05 4.690330500014665429e-05 -1.182362164475091242e-04 -2.188260914816562636e-05 -4.438630749728585172e-05 1.820317003550860513e-04 -8.099829022879013747e-05
-5.983842029189924633e-04 -4.157095430697512785e-04 -4.256189088502824574e-05 -6.546738599503097039e-05 1.928794823188451492e-04 -3.636995475917779541e-04 1.575678843326466935e-04 -8.587310071628390085e-05 4.543827954445445703e-04 -2.288468002782486689e-04
-2.035741038623176038e-04 1.365675714159476929e-05 1.238452568918399987e-04 1.229728847974928896e-05 -1.851782091228737568e-04 2.746512004532059513e-04 1.185962133763096777e-04 -2.104846781642711446e-04 1.758138408473704966e-04 -9.673086184144166831e-05
-6.680162368806190788e-04 -4.179718329357327020e-04 -9.691564155684950505e-05 -1.461974149974368156e-04 2.876198449557194588e-04 -4.898371592235801954e-04 4.505148113578926996e-05 -8.437827008380800406e-05 4.606530762520792991e-04 -2.398360095866265218e-04
-3.688629292488179487e-06 1.381210118130648775e-04 6.829187509044594851e-05 4.049139765794000268e-06 -1.582257377632495640e-04 2.641172017265044978e-04 7.749115484541605132e-05 -7.048507600640844270e-05 7.159655665970146473e-06 2.223967275851374193e-05
-2.781289312110791037e-04 -1.361097093729374057e-04 3.400467059323518436e-04 5.063210420165338810e-05 -9.956038647979608170e-06 2.079007535084515283e-04 3.603224749279653328e-04 -8.332667583741965988e-05 4.716853415959843085e-04 -6.399705840275174147e-05
3.670493895534121943e-05 4.151761014980726120e-05 1.162590999687237417e-04 8.421857476636866735e-05 1.508517847302779063e-04 -2.815415389760959658e-05 1.229885310928107160e-04 2.126773823804238572e-04 2.409794192730243373e-04 1.185403455425435801e-04
-2.827763206501126268e-04 -1.649805192145990048e-04 4.269798640673050171e-05 5.632370203265472908e-05 2.570257818297903884e-04 -1.990015652034737327e-04 1.235387838302015595e-04 5.507734210908404399e-05 3.503130799364996312e-04 -5.558166952761464631e-05
-1.374293487863854088e-04 -1.301589200980395706e-04 5.252599201252542484e-05 5.573705272168749458e-05 3.148031528719055110e-04 -1.499326670374662781e-04 1.871595106705491705e-04 8.402069675462682551e-05 2.693591352906975298e-04 5.911793612558469320e-05
9.088491868063139736e-05 -1.517047120774504437e-05 9.491036804265933478e-05 6.163816007228192187e-05 1.064473848703686130e-04 -1.277258188461648862e-05 1.648252749894324378e-04 1.696790425759331486e-04 2.265938546624867008e-04 5.803116437484139581e-05
-3.551690428941513527e-04 -3.157480086149190264e-04 1.142017433176059665e-04 1.064221514173789796e-05 2.878901195101295045e-04 -2.590165239546834476e-04 2.277861683717840213e-04 1.382080529718788793e-04 4.690746999853358506e-04 -1.047647655512128512e-04
-4.793324583986562299e-04 -2.742467748321208987e-04 5.399480126507303452e-05 -3.313284405324408720e-05 3.557514493795011293e-04 -4.487764529898601007e-04 1.833867398567051255e-04 2.432984731071621238e-05 4.971103498745616574e-04 -1.517717704692361346e-04
-2.599971944611681809e-04 -2.452645818155568618e-04 9.212689682284494182e-05 4.752762619651391371e-05 3.035045254402302930e-04 -2.570142014168756532e-04 1.499998171620433251e-04 1.670684510929220019e-04 3.666548479021508383e-04 -1.022287411947966576e-04
-1.069655158784742059e-04 -1.044375732906853264e-04 1.392088937809762990e-04 8.345418497369696761e-05 2.664054310802149218e-04 -5.503114149729186545e-05 2.216108775352746579e-04 1.135594202690824760e-04 2.107323659782048145e-04 6.923369905706384204e-05
-3.699236119252500296e-04 -1.785293456783074010e-04 -3.336011242674569235e-06 4.983924506224449928e-05 2.807878336916258327e-04 -2.931035744765899038e-04 1.672201182428443233e-04 1.449802509841598716e-04 4.052183094819716207e-04 -3.361513467194993170e-05
-9.659283059674983929e-05 -1.581826565019026835e-04 8.617271201196878084e-05 5.066546955930050346e-05 3.176758463311585940e-04 -1.612991733489898410e-04 2.042635423568288735e-04 1.860451309263747748e-04 3.142344467142548208e-04 -2.189399988455165301e-05
-5.253117900538933861e-04 -4.669474142976949463e-04 3.025080979495836089e-04 1.043923666653908116e-04 9.072311199856943282e-04 -4.523287759062206721e-04 4.051268130622046504e-04 4.735455569574494191e-04 9.541197682002534267e-04 -1.379221518275491887e-04
-4.623894492174354469e-04 -3.190337701922924636e-04 2.538473215516945836e-04 5.263427702692932101e-05 7.293429283764652328e-04 -6.042548129201108162e-04 4.427003588320970926e-04 5.005866417458116778e-04 7.783546304274040553e-04 -1.699947431403007331e-05
-5.825331638794587104e-04 -5.310726485309742034e-04 4.882354692763843569e-04 -4.161940271810712840e-05 1.006135606888113347e-03 -5.826367368713714122e-04 8.823410351945653891e-04 5.135836753254171888e-04 1.348205793750555841e-03 9.497264167747241281e-06
-2.247828790354942463e-04 -2.781286979527503272e-04 2.499285290566247457e-04 -9.845353843280330811e-05 5.246794354960248848e-04 -4.423586618523495735e-04 3.536080431892383116e-04 2.498741051725569427e-04 6.768335347998642813e-04 -7.087029870498512147e-05
-3.948683596706186881e-04 -4.428897759601179047e-04 3.425324477195095712e-04 -5.436508900815414447e-05 6.703193555216935230e-04 -4.108672165202990672e-04 3.917564555535701758e-04 4.421728615650671814e-04 8.609421845180441389e-04 -7.524007491973361608e-05
-1.704747648301815769e-04 -3.377747826829663393e-04 2.406936862871950089e-04 4.513639336599473847e-06 5.944749808720909074e-04 -3.324528483545469929e-04 1.694727403161391951e-04 2.945525616344344972e-04 4.493139549449708223e-04 -5.435142676409378552e-05
-2.894540427904452023e-04 -2.586973456258862621e-04 1.102408330160010964e-04 3.706100863198138192e-06 5.792474341804951243e-04 -4.515335333836560921e-04 4.286852343158453651e-04 3.529047673171170933e-04 7.629372407903814391e-04 -6.611639818975504213e-05
-2.629656289057541213e-04 -3.357418877302958179e-04 1.170478835136499828e-04 7.266473470238696253e-05 5.726085606564425539e-04 -3.265581332550814074e-04 2.212549057137786000e-04 4.041540870490532887e-04 5.173851699739025548e-04 -4.115128113757186906e-06
-3.479159662923727962e-04 -3.211245706467507699e-04 -1.267371945002407218e-05 4.544438097485089672e-05 4.986967285547017808e-04 -4.167785650092348465e-04 1.479796707554688687e-04 2.190546835455428609e-04 4.877934161119418699e-04 -2.247242010748988359e-05
-4.368427223536883153e-04 -4.629622626889405633e-04 5.504354796951450943e-04 1.136634905348837349e-04 8.171332638635999670e-04 -5.227339605322581673e-04 6.720029884488003431e-04 4.080140637148749563e-04 1.051817988647676342e-03 -1.611334345126372053e-04
-4.877933415904035699e-04 -3.746609141356575454e-04 2.357902455389330619e-04 -7.262182464403027198e-06 4.674850089265373664e-04 -3.502939410016739905e-04 3.742991532988920560e-04 2.462426328140647990e-04 7.566072509041481134e-04 -9.275303892916861585e-05
-6.745442029834064078e-05 -3.917713428920872149e-05 -1.684495164322746970e-04 -2.034269086077650766e-05 1.200328692829831901e-05 -1.044597351754995629e-04 -1.585162365450628187e-04 -1.077838589152651289e-05 -9.159105535284265494e-05 -4.137204115754453181e-05
-4.537159166787508528e-04 -3.896633015321274997e-04 2.629018321426873942e-04 1.756164264506956187e-05 3.753520816347688440e-04 -2.968282221353001288e-04 3.925370837605115333e-04 1.690138386787399030e-04 7.070778146239072503e-04 -1.144151686856011130e-04
-6.920541989397111383e-05 -2.102219796994297957e-05 -1.348412271311261277e-04 -2.372278955351752762e-05 2.933116848445846853e-05 -1.354310410725019379e-04 -9.118374111261693814e-05 3.559680506999582606e-05 -1.280319221140947044e-05 -4.483810159389594777e-05
-1.343723124437685643e-04 -1.351177164173825856e-04 1.441855758419983416e-04 1.707949192040005115e-05 3.246205486515157316e-04 -2.103428752541546074e-04 1.770577473929977469e-04 1.399549451801081939e-04 3.284381317172821706e-04 -1.014440178608579781e-05
-1.082704229507285769e-04 -1.418183926554563974e-04 -1.287573065508425046e-04 -4.774063424657516827e-05 2.272470158746880942e-04 -2.858042922107062781e-04 -1.080564181611877613e-04 1.228378966877641232e-04 5.313052317265781890e-05 -4.404367050882642461e-05
-2.319461895852526531e-04 -2.313995016041943767e-04 -4.047294441099178071e-05 4.990935677965035302e-06 2.739154774697153045e-04 -2.824591720752329558e-04 6.125236687790701720e-05 8.838266162712497614e-05 2.471105069324856102e-04 -6.217171154546322748e-05
-1.659614629763500799e-04 -1.970791840798310305e-05 -1.121684318770281591e-04 -6.379305756015917124e-05 2.680821756216560109e-05 -1.143347295448605375e-04 -7.252665336967690070e-05 -4.729696951304409517e-05 -2.424968274906043759e-05 -6.347580221655414257e-05
-2.448639335241137543e-04 -2.074472993565419773e-04 1.628906011238283070e-05 -1.956736980694438922e-05 2.159312466303734486e-04 -2.000945107336435001e-04 1.508164728043195815e-04 5.579928710774405184e-05 2.786388355514219945e-04 -8.943931903466806376e-05
2.983582943164962218e-05 -2.338727325706100964e-05 -7.025607337781045983e-05 4.126095327141029998e-06 1.113142390414977896e-04 -1.463185043542629881e-04 -4.956479282138868763e-05 6.373186370586637959e-05 -6.861995621470975016e-05 2.009179688523131632e-05
3.266221382460057256e-04 2.608195424857905260e-04 -6.454073809825990613e-04 -6.721006876944813225e-05 -5.575945007762822189e-04 1.953276534228638465e-05 -8.283181328394261791e-04 -4.121540936673565025e-04 -1.086270264507130682e-03 -3.439306524944239248e-05
2.845666761609839598e-04 5.372156037314834926e-04 -1.108694855663088907e-03 -5.051370074006362684e-05 -9.970532095500341408e-04 6.110010669316682293e-04 -1.189382625424395979e-03 -8.532587111131407793e-04 -1.255805717164701135e-03 -9.945326526819060374e-05
2.819092320596239048e-04 5.692338646468803965e-04 -6.822386003698880774e-04 9.586450989828409336e-05 -6.470662057695830824e-04 4.555018795367132378e-04 -6.532351807264428741e-04 -4.866044261690401261e-04 -1.081875983552554443e-03 1.115246122920961192e-04
-2.577044539847418735e-04 2.162096071948343458e-04 7.361291476220564133e-06 1.635353091283187532e-04 5.338535876790679929e-05 2.961605401253245224e-04 4.597142660062401165e-05 -1.797854925190340615e-04 2.974355093929484774e-04 4.240681368274691338e-05
1.812503390682492681e-03 1.426367943314904487e-03 -5.281079444548687811e-05 4.564659767599874821e-04 -8.332520962191778454e-04 1.382699374795010819e-03 -4.248197575175799131e-04 1.201598958298536970e-04 -1.378408068828218752e-03 8.563654372386888224e-04
-9.821610753608930942e-05 3.813875904677711939e-05 -1.059255501374749059e-03 -1.690422800272302979e-04 2.321822086982960789e-04 -6.241489233818108343e-04 -9.815889604400250719e-04 1.220548216220273115e-04 -7.570679592924573669e-04 -1.887016378401499953e-04
-1.067010005317958928e-03 -8.531254016255491578e-04 -6.383163473169571958e-04 -9.913883259731143347e-05 8.870692808617804343e-04 -1.176513199079775793e-03 -1.404824174302535451e-04 1.031346306064252381e-04 5.892904387560539674e-04 -4.968247384840158943e-04
9.473111101952338487e-04 8.931001634028375635e-04 8.427136202561668558e-05 3.987750292058200299e-04 -2.917139026277959426e-04 8.495099567301161655e-04 2.317097303895517404e-06 2.676971644246062634e-04 -6.381318285294676962e-04 6.720239388428080746e-04
1.278765323209626447e-03 1.179019248705156413e-03 -5.528947340457604368e-04 2.591174160573565284e-05 -1.388091539663515199e-03 1.300351406848599886e-03 -8.531818605017154038e-04 -7.768160910874454721e-04 -1.695748256833402596e-03 3.676432626263890775e-04
-7.871334282970127378e-04 -6.627251194368665062e-04 6.681973142264419985e-04 1.107695883899126755e-04 6.582345162737818093e-04 -3.712052086482093812e-04 8.726654528956699760e-04 4.974269662514668906e-04 1.381201421145391000e-03 -1.887869741740565589e-04
-7.611058551952592111e-04 -5.525691129639117042e-04 1.734908692256947253e-04 -8.629673652816960514e-05 3.636353808365614076e-04 -3.704788615174705213e-04 4.978549443102174175e-04 -3.875677757167155370e-05 8.668995523815813077e-04 -1.665623877790676003e-04
1.310176817253363643e-03 1.014121618713999294e-03 6.320331935871127552e-04 3.016402889070918182e-04 -4.701010698660837341e-04 1.212841452300247695e-03 2.473669659677984827e-04 3.231892937070174592e-04 -4.795885006098079780e-04 6.113842375792128943e-04
6.914735067280530301e-04 4.942906539742511485e-04 -2.290418712392548446e-04 2.333023352852889093e-04 -1.102025453240044583e-04 2.221274968299313042e-04 -5.288896968727244000e-04 -2.238920665978869990e-05 -8.253505413775588618e-04 1.836919798887301481e-04
-1.092861223071743678e-04 -2.359215783424439968e-04 -9.586864740365644939e-04 -1.719165076773243182e-04 8.399866107977692732e-04 -1.245915727152410767e-03 -8.438226787618115536e-04 5.342277989128437236e-04 -3.225844528684276001e-04 -6.480791690164566462e-05
-8.926539827605214873e-04 -4.711312598071002171e-04 7.068223878306219635e-04 8.558276295742375206e-06 4.933791668799209678e-04 -4.498852742209053619e-05 1.002385752283281627e-03 2.399675519478839650e-05 1.493022451323368751e-03 -1.122139259207874346e-04
-4.916465628436712896e-04 -6.962402647192045529e-04 -8.710544622488273353e-04 -2.215753466690105337e-04 1.274707760469223974e-03 -1.699105154045035641e-03 -8.673297637860956930e-04 5.464172975871984779e-04 -6.303641623483334099e-05 -2.228093230666130674e-04
6.644795069839712354e-04 7.523694842272995531e-04 5.857110872094553047e-04 2.952817005762467485e-04 -7.800193826216551309e-04 1.274464668732530831e-03 2.532247930340479083e-04 -2.649264239985818135e-04 -1.159180282303724774e-04 4.688910416784276705e-04
-9.681580651264630293e-04 -8.037014582072380840e-04 -6.133855595226929717e-04 -2.531827957245940883e-04 3.535218579797615971e-04 -1.219168862152242251e-03 -3.702833811456882041e-04 -2.582442594823165772e-05 1.334954045144682222e-04 -6.096978920666531587e-04
5.217633838653640407e-04 -6.022233151248108186e-05 1.569336072296809766e-05 2.511022574361805094e-04 1.330185858883323625e-03 -8.081644154978358946e-04 -4.791747881686172486e-05 1.169419995728181215e-03 1.791553219047242458e-04 2.880034190921163168e-04
-9.388231354189317986e-04 2.165957736673614401e-04 7.414473343980956983e-04 9.813810909441671561e-05 -1.495153785939679156e-03 1.622061801751839344e-03 7.911845179584340703e-04 -1.366876822541130635e-03 8.467516022013791199e-04 -2.270438591982531411e-04
6.197412129750898356e-05 1.051526773140704156e-04 8.724343400654107836e-05 4.516781998930153967e-05 2.709194416701016480e-05 1.438642829736123735e-04 1.089918825314063533e-04 -2.737818665110256113e-05 4.578661824572978972e-05 1.176349905186549911e-04
-5.614766329256316396e-05 -3.650791543994798201e-05 3.868902650633635284e-05 5.543595770835288948e-05 1.385406412769947884e-04 -2.388615798927447263e-05 3.753853877552973650e-05 9.734818201154627360e-06 9.472489437035576626e-05 4.344084635708815026e-05
1.757745038042882603e-04 1.319690928365083475e-04 3.583697158063034829e-05 9.224064189943235483e-05 -7.334539778842690970e-05 1.639518926496875278e-04 -4.568148987720815332e-05 2.758142884297830878e-05 -1.084029457893055529e-04 7.277582743299386013e-05
-2.693516550774328875e-05 2.859384724345999574e-05 -1.962301819758887746e-05 5.133369558670109020e-05 -6.414268775571965416e-05 -1.922662091692619064e-05 -4.210511915960928097e-05 3.845815369991162213e-06 2.821185367150378154e-06 -1.904735907794559587e-05
-5.612646621553593504e-05 -1.943817599047768679e-05 2.704577576131890446e-05 4.606727332739964510e-05 1.266498496654176948e-04 1.295461227194995567e-05 1.191397197284890455e-04 5.536576539963142046e-05 1.797061580279136616e-04 -1.927286522227348746e-05
1.302223629629189007e-05 -3.012316784135520367e-05 5.052215449793417582e-05 9.172305313367851696e-05 1.317755919642914328e-04 -2.081638102239310911e-05 7.060237689729357961e-05 1.634737666413085941e-04 1.045747049902562552e-04 3.193635695644329284e-05
-4.842427682921599633e-06 7.609524464039552928e-05 1.652012877986156066e-04 1.075221240930262378e-04 1.103984127825785540e-04 1.244726176771961308e-05 1.523261856612193271e-04 7.830782740258422593e-05 1.312377844328399773e-04 7.730756883065885584e-05
-1.217163656738336187e-04 -7.984544841176537979e-05 5.816047186743779536e-05 -2.161118440258066886e-05 8.345030778699411564e-05 -5.411296799264772784e-05 9.659256840434689143e-05 -4.214889915968056703e-05 1.935972237158907526e-04 1.244126622393518047e-06
8.466516152418643130e-05 7.117245880817462821e-05 5.922319742151086821e-06 6.039672452738943474e-05 6.707987175406510659e-05 8.809515684468851194e-05 5.102666900350525856e-05 6.731158503079432331e-05 -3.630069837444804891e-06 3.394787139004178036e-05
5.800694770086456826e-05 -2.648666550435749051e-05 4.759119712299511091e-05 2.738368736331545463e-05 1.347107095669352543e-04 -1.184901609374856271e-04 -2.127122710756407473e-05 9.219525045883137575e-05 1.081057734434358395e-04 -7.105965538306017284e-06
2.916108661055925432e-03 2.558511306583449892e-03 8.283026549756637377e-05 1.429361155351567336e-05 -7.419231528515297372e-04 1.557976829035556980e-03 -5.960166681015011993e-04 7.441485836963441115e-04 -1.744269046268814632e-03 1.705773831840415073e-04
-1.891744601367876611e-03 5.366370086099692154e-05 -4.469889363090178368e-04 9.186359397559121969e-04 -1.890161971552138664e-03 -3.449656705507716755e-04 -2.290106258876458984e-03 2.324055882584458860e-03 -2.365981253583394374e-03 -1.448856639806067170e-03
-1.674837713181918019e-03 3.231386222702921363e-03 -1.713217424370578777e-03 -2.825040701156888209e-03 -2.146555735643801595e-03 2.798997028821214629e-03 1.596304587614017769e-03 -2.671727463503883754e-03 -1.419498049391308475e-03 -1.396212501478462462e-03
3.000361822574337638e-03 4.157307833700449990e-04 1.846422729089230736e-03 -2.172388345639679561e-03 -2.319284560141386415e-03 9.890629636775244687e-04 2.653871741905843972e-03 -3.561939849118443929e-05 -1.488057404974085611e-03 2.208345813699049125e-03
3.206162548189294553e-03 -8.230872121150434274e-04 -1.824458659842568544e-03 -2.142229125182177393e-03 1.103771238585592824e-03 5.273083917498291775e-04 -2.874865310533235947e-04 -3.312701196243883484e-03 4.735094269843927715e-04 2.137038506774542428e-03
-1.573690790265422747e-03 2.858576582903786696e-03 1.839084684503941103e-03 1.700516560124070830e-03 4.329030811602165669e-04 1.845433097000168804e-03 2.316777854093833317e-03 -1.465385936242641232e-04 -2.741788300971603320e-03 1.268979744159074797e-03
1.446864175863099870e-03 -1.245371556041279101e-03 -3.332188282050968227e-04 8.319740866754007707e-04 1.682544505630708537e-03 -1.966713002716649096e-03 1.904912174875166789e-03 2.403781708397300688e-03 -1.661630946839702657e-03 2.045420271434633501e-03
4.163862447413983411e-03 -5.900081687847876259e-04 -2.442264533300328791e-03 1.990593261155749073e-03 -7.913968835129964706e-04 -1.391248692474012687e-03 -2.797788762641259877e-03 -1.093820175993737501e-03 2.175167442469960722e-04 3.272697279744286956e-03
-1.194944379831320127e-03 -1.184508394158990084e-03 -1.041116444651223744e-03 2.140898734188225426e-03 -2.356092715068689759e-03 -5.182162734131166371e-04 -2.126275254949348478e-03 1.711917322025444587e-03 -1.426515246461701903e-04 -1.756827165933746646e-03
7.594489321310108568e-04 2.078464691762398585e-03 2.473701419279335668e-03 6.350729789990769902e-04 2.281025509708494922e-03 3.237689461431447497e-03 -3.887952279142161283e-03 -4.333000893865721070e-04 2.556832212239941102e-03 -3.164384388420073135e-03
-1.257618070497251218e-04 1.575173312439970784e-04 -4.218355387074922456e-05 2.349268359433233182e-04 5.201678292116038767e-04 -3.789557456103418527e-04 1.120402506257712263e-04 5.645100346125398860e-04 2.000115488537222025e-04 -2.013892755312347426e-04
-1.387492802270592451e-04 -1.748920684686520316e-04 9.067086706434920407e-05 5.937521901782400483e-05 4.606785103058684810e-04 -4.461824053941284684e-04 4.612290103593992769e-05 5.767382751025946011e-04 -2.966417458959750252e-04 4.261854748657214109e-05
4.840982109911371855e-04 -1.286378222719906450e-04 -1.987503404061311593e-04 -1.841839856818393534e-04 5.398764703446342315e-04 -3.233582270550608862e-04 -1.944474182979481357e-04 2.669701722235538321e-04 7.668675392222281902e-05 1.070119870599844160e-04
-9.531948688484614745e-05 -7.308374463157313577e-05 1.337726566863280022e-04 -1.907556877554865394e-04 2.928386071566713112e-04 -4.973059564626248910e-04 -2.828121726923242150e-04 3.137832249501984840e-04 1.710105763765980107e-04 -8.684820467074456474e-05
4.631842447026989157e-04 -2.528025747706671468e-04 9.739668326466620059e-05 3.243269168801350731e-04 7.901265732300926693e-04 -4.221415403967018428e-04 -2.737600810054721407e-04 6.292836119191568510e-04 -2.632946706816794271e-04 3.801116978974563849e-04
1.606421372255042730e-05 -3.317754925272102876e-04 -1.391426284611854399e-04 2.054628370725892822e-04 5.237124075765581862e-04 -9.404668051814333999e-04 -2.830021730141783136e-04 6.672849917703655700e-04 -2.097432595886538774e-04 1.121342805038807235e-04
-1.892469592096554542e-05 -4.122600683230261240e-04 -4.854777183439298589e-04 2.801696370040965322e-04 4.606417985188819000e-04 -5.893312999670849298e-04 2.067930255406247742e-04 6.706137232315742634e-04 1.216614686623227354e-04 6.265218017457347170e-05
2.025409012549173981e-04 5.630858316942886309e-06 -1.673850245444677876e-04 9.780293530760089649e-05 5.028938022479334741e-04 -5.028297947303130185e-04 -6.176918772204476136e-05 2.282818100589929658e-04 4.556409894020142239e-05 3.264054564274054360e-05
1.222879062046928046e-04 1.826297598248355261e-04 -3.085127050484401932e-04 -1.479399512421024289e-04 8.185488553464369049e-04 -4.511647075934006944e-04 -2.428928238811117757e-04 5.747053750159789986e-04 2.295497794433155620e-04 1.940621536614384993e-04
4.149778303293054967e-04 -1.772678859273459377e-04 -2.481186948103866464e-05 7.154017490362769632e-05 7.755321640199197173e-04 -4.833385747020352416e-04 -4.442799093335211808e-05 2.115407909985908975e-04 -2.915258628554787563e-05 3.403021775757618297e-05
3.529697492913279040e-06 4.035565021907738120e-06 9.953864679687444305e-06 9.005383379460055944e-06 1.263381925002071018e-05 1.515285804882685501e-06 2.796663692692721599e-06 9.315533258329910171e-06 4.138673636459259936e-06 1.186224845330407849e-06
5.591232973501002205e-06 1.317097708498481478e-05 7.491404232488911725e-06 4.671435587000997057e-07 1.406834980934892357e-05 1.452396551361199648e-05 3.913868167108471206e-06 4.508440456522276395e-06 8.208764055753504230e-06 3.818931871482781750e-06
1.378310603356095136e-05 4.771353377935726965e-06 1.384448569186615561e-05 1.207439407744226340e-05 9.537688200970393705e-06 6.167384122788836514e-07 2.111019448909437698e-06 1.381846500308310761e-05 7.786024928347065269e-06 7.658173262869195986e-06
1.373163733812188347e-05 8.724704778012961140e-06 8.357815094608954601e-06 6.805496884008562258e-06 -7.290526003490888112e-10 4.306035254794329842e-06 1.460419459693981033e-05 1.260547779757424650e-05 8.118854138992933280e-06 1.376157582568959616e-05
1.145049098028151203e-05 8.945304497937397430e-07 6.260725716545062046e-06 6.021052743991666401e-06 1.173031398566026426e-05 4.897610704616967145e-06 7.019624014991254458e-06 6.717383620530114436e-07 1.323035612070765247e-05 1.502204357129637100e-05
5.504784034788489106e-06 8.088879397450209318e-06 1.142018706641300462e-05 4.056408925842983186e-06 5.647182256068059857e-06 2.981352669351971087e-06 4.474979841031623517e-06 1.041575194849711183e-06 3.999109946601545690e-06 3.748076562408500331e-06
8.406679755128227083e-06 7.828488645165954809e-06 7.918478119593595193e-06 6.385188545268695506e-06 5.014720072498223506e-06 2.917874210042234215e-07 7.325901595452478637e-06 8.970877301105507781e-06 8.318862709387935399e-06 2.287381666198976080e-07
1.019977739960525758e-05 5.360059208479783582e-07 6.133654842191420675e-06 4.692636241827095844e-07 9.938059795725434311e-06 3.856379334514173390e-06 -1.726485556236973716e-08 5.812414221883204911e-06 8.041694930019927982e-07 1.068281795048351914e-05
6.900171365233634148e-07 1.980769225177824207e-06 6.535336360028626007e-06 4.206838764206631688e-06 5.226749723087882555e-06 6.991252912465319621e-07 7.418978493941245296e-06 2.863938174401806597e-06 1.414033084096263602e-05 1.193037773297046964e-05
6.325419430306880886e-06 6.632137568622494155e-06 9.419004862095359820e-06 3.740032440702166725e-06 1.601211562785251454e-06 1.368230844061846150e-05 7.640730662397833602e-06 1.098418986916119905e-06 6.255648288617292750e-06 6.973126893379606529e-06
8.437094138532488666e-04 6.697402567951332751e-04 1.029251885038951755e-03 4.228100411876591579e-04 -2.320273001548166030e-04 1.722519882004290830e-03 1.148829154443822397e-03 1.046877121941746427e-04 3.235757737446145403e-04 8.095461248682764895e-04
9.917381099507258622e-04 6.113838568432034427e-04 1.234979283936388705e-03 6.848472561647066725e-04 -2.446375104116464022e-04 1.342425031119014222e-03 9.170690400362450012e-04 5.955569360185590359e-05 5.522047912756370682e-04 7.123308787512718952e-04
8.413129695290559812e-04 8.772326076379636335e-04 -5.880992102690079564e-04 1.119520661279911459e-04 -5.815669501847628431e-04 6.070353799108784906e-04 -8.618689809555779525e-04 -9.841275876617243011e-05 -1.204517338827359616e-03 2.080940993588950843e-04
7.894355448037380452e-04 9.326806598196857269e-04 -3.478571544124931273e-04 -2.125581962068937499e-05 -7.369141762759653675e-04 1.014854282308736430e-03 -7.159880056776975459e-04 -5.348067368118727743e-04 -8.597453100277240631e-04 4.007216217342147177e-04
2.931136363205412996e-04 4.784631430773166397e-04 1.379169261312294037e-04 3.322498213780608595e-05 -3.217213124887265911e-04 6.265894475619837719e-04 -1.085500854740222378e-05 -1.273840081419348519e-04 -1.762677781748582626e-04 2.929369910355867539e-04
5.400546302602937058e-04 2.673580032553887265e-04 7.549115140864730809e-04 3.267488441764030121e-04 6.079458404132482511e-04 3.381496912641539275e-04 7.190959892557686637e-04 3.905523591375955413e-04 3.435930395247894218e-04 2.289567101719989747e-04
2.518674027716387046e-06 -6.229476863531922684e-04 1.754299739856653119e-03 3.961353104292154696e-04 1.736630905314800414e-03 -2.785099474681149503e-04 1.992274743454160255e-03 1.161202696629114054e-03 1.983973932821926026e-03 5.526484752787514526e-04
5.839463950540635818e-04 1.121803849171754716e-04 1.332620895528109856e-03 2.766889813493630772e-04 6.146531327078190703e-04 7.464196951188979993e-04 1.430592524479363647e-03 6.847186877306116757e-04 1.231483387124269070e-03 6.082241294061678386e-04
1.205942337214598471e-03 1.189324299490353374e-03 9.416707638511420892e-04 4.237586774600804289e-04 -1.082164461152211946e-03 2.213971314940945626e-03 8.347208073412924019e-04 -2.000239063801784775e-04 -3.065961325642411225e-04 7.468578295545642235e-04
1.345271311195549244e-03 1.738577231764534261e-03 1.399851246054450440e-04 2.676313716354664324e-04 -1.510337764499903104e-03 2.703842637765190189e-03 2.776258399801074281e-04 -8.737675189743438712e-04 -1.136343590906282617e-03 5.039329752737479497e-04
4.958698834012853019e-04 3.032371694044630429e-04 2.054923893492452446e-04 2.648150219284021870e-04 2.486553022701859560e-04 2.966010739971000751e-04 2.395985024250783400e-04 3.660338463862644436e-04 9.887639310930740127e-05 2.725977981156946467e-04
2.152832489267286276e-04 8.573183492378630009e-05 9.087272532649444325e-05 2.366711534134490022e-04 4.031022036343617234e-04 3.211738615455459877e-05 2.843443337067067043e-04 4.102956581874029913e-04 1.878968826716056247e-04 1.469960739291115712e-04
1.953530177106094527e-04 2.172759658535918306e-04 1.303206811953892797e-04 2.164539272431494727e-04 3.471164908517671249e-04 -1.107061724689926264e-04 1.928864079477985035e-04 2.341035408533645272e-04 8.747701350424595570e-05 9.458918539217167848e-05
3.580624864658551489e-04 3.260797668328175745e-04 -1.154983349890024028e-05 8.399703708790885043e-05 5.759666910650057515e-05 1.069791705331246700e-04 -7.069229495609934664e-05 1.150584199114232007e-04 -1.747082735746352848e-04 8.145427946424743486e-05
3.290585478236391194e-04 1.778541999200599125e-04 2.132870473711405586e-04 1.815802234717773037e-04 4.361756982164339061e-04 -5.704659757939027051e-05 1.336981852868576813e-04 3.865990729609490801e-04 1.522211502092227643e-04 2.371456714264670172e-04
1.373190566479849726e-04 5.500210215356400904e-05 3.306657935642146452e-05 1.728334331899190521e-04 3.294254851854016728e-04 -1.487767571477566415e-04 8.468354354425925931e-05 2.869815711953852162e-04 2.265115487993918765e-04 2.187286907731887686e-04
2.228652515608556847e-04 2.356710952773396074e-04 4.376695207778934248e-05 1.425031047876542355e-04 3.801512547560452655e-04 3.951956575906990837e-05 1.458427880433003779e-04 3.813163148562001732e-04 1.542014025210261638e-04 1.863274612225063068e-04
1.511950089684856949e-04 1.840850890180030893e-05 3.592188278062434092e-05 1.151400828777660772e-04 3.207206737230866838e-04 -6.483496475229802447e-05 -2.082669718020931576e-05 1.155741065378431109e-04 6.224053647357395236e-05 1.008241645052859893e-04
3.044250745826037512e-04 1.189725433046771115e-04 2.418474727451351699e-04 2.233206872749824183e-04 2.035084730626916707e-04 2.339951573897523524e-04 1.243707012255091673e-04 3.722511364010922820e-04 9.246181447395427147e-05 1.205125378520250577e-04
3.785521689837003951e-04 2.064383094310081376e-04 2.485510825389273116e-04 1.905235047021750774e-04 2.221062697119994698e-04 8.019411914229082573e-05 3.594612761964021135e-04 3.006780288877073000e-04 1.549535163220995147e-04 3.527273727166775619e-04
1.168475984763967917e-04 1.269606720271157496e-04 5.313080884527100842e-04 4.381392985427322572e-05 -5.725064429620827959e-05 5.603018257081909771e-04 5.333376152579781841e-04 1.078442085712409595e-04 2.967761522787471266e-04 1.740478353987609734e-04
2.509028138867749284e-04 2.504375889827722230e-04 3.538371982349049118e-04 1.803191162634482970e-04 1.782909233444492146e-04 2.534170436958662915e-04 3.151785267142446448e-04 1.161302898368134727e-04 3.657047885215454833e-04 1.531915488692298284e-04
1.174672046257982855e-04 -5.047554819219876826e-05 3.006417230470789532e-04 2.366483937066915445e-04 1.938506984095485057e-04 1.101796069195383960e-05 4.554020876625798197e-04 2.499551621811163028e-04 3.933676125735692248e-04 1.385895312150052224e-04
-7.454293889724068094e-05 -1.065341793439902000e-04 5.733151894186679478e-04 1.322290317454910124e-04 3.521134866874432029e-04 1.363780090883974483e-04 6.160750341515637378e-04 3.309641275488229011e-04 7.669397309536230521e-04 6.905362006413171764e-05
1.503021586047087243e-05 -7.700637405532865024e-05 5.517392772332904125e-05 1.918967223692106118e-04 6.590369628856891475e-04 -3.112619292658927103e-04 2.582928210317931433e-04 4.351249293063424398e-04 4.297888583303805248e-04 -1.146973659082378996e-05
-3.873940109742086410e-05 1.042703452610572822e-04 -4.500685231890392667e-04 1.262244362386511118e-05 1.546895319868121690e-04 -2.474347717205623888e-04 -3.852711746862216152e-04 -5.745050092744382621e-05 -3.134826675377574566e-04 -3.966770205312397370e-05
3.500810071655367436e-04 5.243562088634267900e-04 4.974154070741330490e-04 3.090022463105147974e-04 -7.072993517701897377e-05 7.938434894496220222e-04 4.651279094591003892e-04 -6.100737102223232657e-05 1.959977497190811967e-04 3.383850629966805379e-04
-1.625265450489259372e-04 -5.454895963872950391e-06 -1.583692392860849797e-04 1.527372632657948909e-05 1.187396031163660967e-04 -1.966973355191522469e-04 -3.311843311072819925e-04 9.837513928514539439e-06 -2.396999852244175689e-05 -2.337844696790769181e-05
5.270793407660131309e-04 4.009474789120384122e-04 3.416017252447128339e-04 1.523365751495170286e-04 1.134536454187060284e-04 4.567390906301753537e-04 2.518050397958802064e-04 3.894669482280541150e-04 1.040587543908902499e-04 4.041467455050546916e-04
-2.369203772451900576e-04 -1.591289555532468108e-05 2.653066784549478591e-04 1.415346245948366002e-06 1.253147984069430030e-04 4.850858898788553992e-05 4.288421906806323875e-04 -4.162828393133660102e-05 5.287968202048286400e-04 9.834318089155213419e-05
2.408459226442990174e-04 1.737193469694008508e-04 2.395088307376304446e-04 2.750395271536407605e-04 2.795758517978745908e-04 1.853728735376851660e-04 4.084836101031973045e-04 3.393225972242599293e-04 3.668665485498887610e-04 2.962961794509463278e-04
2.824706061274499867e-04 2.020245920961491308e-04 2.583506585636978427e-04 2.592139874777442681e-04 1.594358458721466937e-04 1.794421565414548551e-04 2.411720047424648853e-04 2.287545709596584711e-04 2.756005253075112797e-04 1.900757152626245995e-04
2.094604440935082953e-04 1.184333761876827799e-04 3.809865596077718929e-04 2.161605358888306154e-04 3.491358397660151731e-04 5.812723768781621425e-05 3.278616514214319167e-04 2.535482732230179195e-04 4.292023865216281278e-04 1.196933809654196457e-04
3.827303296754155102e-04 2.771877822760759761e-04 2.809259556419523561e-04 3.359938701249252707e-04 2.941575629063141947e-04 1.792361875368787296e-04 3.098726238664782162e-04 3.210326062595437731e-04 2.621050561310158495e-04 2.508501638180866446e-04
3.702818714358492363e-04 2.351839450220623415e-04 3.404330652613104732e-04 2.558098297564954091e-04 3.295738122444328969e-04 2.581623647132355094e-04 2.551755376865676422e-04 3.158795576803982556e-04 2.186867854571430383e-04 2.883017612318423484e-04
1.822817030663121307e-04 9.986440620628271288e-05 4.021263195781557055e-04 2.788176623263488737e-04 1.955194535375721996e-04 1.535499425111707295e-04 2.756656099501325272e-04 3.771725568195211553e-04 3.885989126870277696e-04 1.473238325676674626e-04
2.752617426310272086e-04 1.081074395744526705e-04 2.286223505182463937e-04 2.311391848078769525e-04 2.615374325744298351e-04 1.443199402768494761e-04 3.702842191306858943e-04 3.261589572436425911e-04 3.816394846489252362e-04 2.377249992422340440e-04
1.750206750025283878e-04 1.136625269205635886e-04 2.619436310297490120e-04 2.374662863964476878e-04 3.060166675549609539e-04 1.695442957278798623e-04 3.212959040471362847e-04 3.547621311831277856e-04 3.202023174633955322e-04 1.683570616264273509e-04
3.037396364471084756e-04 1.652350826234563481e-04 2.882468004545714725e-04 2.577078499441548022e-04 2.393090609460687707e-04 1.717431445705011313e-04 3.659720993182501289e-04 2.399122536227539049e-04 3.629731705517205828e-04 2.349498997596792006e-04
1.628849639044586321e-04 3.279248074198589318e-05 2.168146547459105528e-04 1.334476714036856031e-04 2.459727390647244139e-04 1.055962362259073620e-04 2.149944782819779147e-04 2.391953062171145884e-04 2.770782629038961282e-04 2.827980944830928026e-04
9.577504358576426719e-05 3.870205146682251295e-05 6.897233799847964455e-05 1.045503838726058422e-04 2.478151995768478034e-04 -8.890594802958365903e-05 2.788710991731856959e-05 1.728562995449708993e-04 8.306430919797962793e-05 2.402752551666449538e-05
4.724815656289362652e-06 1.182545675195685038e-06 5.946292959965655370e-06 7.304213865853069845e-05 1.774461351761261738e-04 -1.039743573283469696e-04 3.275004006338259378e-05 1.399666268581292012e-04 1.031574807166581051e-04 4.995937310927157438e-05
-5.655657871443566502e-05 -1.689446224432915712e-04 -1.327425315597896582e-04 -7.680238384545424920e-06 3.032694719584367953e-04 -3.875676766833684216e-04 -1.004230024392708826e-04 2.291072205755222981e-04 3.175881948982880966e-05 -4.910280264438961743e-05
8.048850226307735327e-05 6.512497466545044851e-05 7.999421107252562132e-05 2.829305672710035778e-05 1.150052759741775798e-04 1.128198862430036886e-05 2.657944893159141084e-06 5.620128252610770577e-05 1.291131017763589965e-04 1.076612127743138724e-04
6.337191237045308669e-05 1.768425230162069887e-05 1.923585696121414684e-05 3.334877964602966141e-05 1.576199669031244166e-04 -8.978577228202762957e-05 -1.034159524798623649e-06 1.806805185685126053e-04 1.085662768152760815e-04 5.332331533032417327e-05
4.992831111731894662e-05 1.128180256029547908e-04 8.741393470585841967e-05 4.954365297212608653e-05 8.723948729409068117e-05 3.066195213505269583e-05 5.953857293453478078e-05 8.715174719052992723e-05 1.386013086415483235e-04 4.073524125625505412e-05
1.365994276760926717e-04 7.929473820921154980e-05 5.164328057397656843e-05 5.630130597942013403e-05 1.179475314545742648e-04 4.733883809392467012e-05 9.353185908497511024e-05 7.874943030083981501e-05 1.310665230229140631e-04 3.679740848413034409e-05
4.781937021210960932e-05 5.861070312960440213e-05 1.212561896974164995e-04 9.232398332922120757e-05 1.293455568037961607e-04 4.037353930255348293e-05 1.267450901506177586e-04 1.412203796044974463e-04 9.037473234046473197e-05 8.970859405091401260e-05
9.334652498545180919e-05 8.208593564695634034e-05 5.948344379792589842e-05 9.898800675362959213e-05 8.697451772940775056e-05 1.437277321492353235e-04 8.575826131061232331e-05 1.026689648664608987e-04 1.255982782446824072e-04 3.096246540588121855e-05
9.228242141658310921e-06 -5.148915930025061936e-06 -8.460417750276800943e-05 5.928724009457621579e-05 2.782361542927677548e-04 -2.462354458689970812e-04 -3.158232924936101444e-05 2.156973555451786038e-04 6.002643136387341089e-05 -9.122242038149491904e-06
1.542298232776997599e-04 1.092836273244692712e-04 2.479829556096465335e-04 2.778578274381929476e-04 1.572143576787601480e-04 9.412793320645098662e-05 2.494369583499871654e-04 3.535396061565821129e-04 3.239766381135617901e-04 9.557928821967016356e-05
2.869810730368406904e-04 1.920530215178981937e-04 4.453245796761335718e-04 1.968770823028005398e-04 2.791674049460004300e-04 1.515791271008419430e-04 5.399748152717822984e-04 3.077762218006429044e-04 5.060606958504925866e-04 1.553364957035264355e-04
1.051316273201711852e-04 2.896689774544987888e-05 3.500892486075605245e-04 1.498814738210524182e-04 2.240218367111757969e-04 1.980885813639043285e-04 2.412171720881319166e-04 2.228467507383815498e-04 2.070910312451731830e-04 2.588400776553274082e-04
3.702886025725151352e-04 2.493217828687551677e-04 5.481213495410462190e-04 2.507896494409525274e-04 1.404142411499078777e-04 4.083219516071580455e-04 4.525839252351971059e-04 2.143147590444316193e-04 3.651385057477645087e-04 3.808128471183961131e-04
2.562260662220965145e-04 2.663196868834483903e-04 3.881388890324189746e-04 1.930534917220407399e-04 1.512496526257440025e-04 2.628429868043126363e-04 4.085871653927465597e-04 2.119985240085892585e-04 3.828829570249638590e-04 3.161785992350603022e-04
2.901957267996295767e-04 1.977828305130468415e-04 5.180214799803226512e-04 3.359276026069191960e-04 3.171404961669714844e-04 3.119287116138363784e-04 5.714398947057840444e-04 2.593119509571647639e-04 3.971732323132344728e-04 3.242642176819062437e-04
2.262000597151939943e-04 6.441641546472069268e-05 4.493648797605893051e-04 2.244334024787695615e-04 3.565631553022230210e-04 2.328965922816761652e-04 2.833506572245643516e-04 4.154121756901924694e-04 3.009973992695218008e-04 1.201556256400866440e-04
3.036663617793382199e-04 6.581032195667897689e-05 3.417688507047625997e-04 1.470284442948486896e-04 2.670775079592405924e-04 1.216069775361911816e-04 3.889452282399268740e-04 3.654279245396056092e-04 4.360402672515300486e-04 1.327493537710674120e-04
2.725942420049293604e-04 8.877492373000274071e-05 4.685245908996204145e-04 8.595507108827575484e-05 3.629314932352358967e-04 7.159676783827013567e-05 5.054582914773015755e-04 3.173409324835551010e-04 5.161248270024844723e-04 1.366209013012279632e-04
2.516525690375684713e-04 1.602403714097590378e-04 7.257073428401188391e-04 2.680584862791226012e-04 2.769479102039057797e-04 5.094478995039268586e-04 6.864783952461217705e-04 3.770575846674095711e-04 3.626127612712382172e-04 2.292182759705152658e-04
3.020253437510317124e-03 5.921908474453642423e-04 4.744419894054098703e-03 1.421718778436578852e-03 2.598271907907108956e-03 2.088610938449612150e-03 4.359254862463496361e-03 2.749473876342522528e-03 3.067996487441910971e-03 2.761404943903287851e-03
1.860513761675698478e-03 1.603784359772873628e-03 -1.328029566091345559e-03 2.105489682048278526e-04 -1.224602046968516515e-03 1.620655400708387187e-03 -1.580841607851073008e-03 -7.336607558040542359e-04 -1.949495575798387793e-03 4.665918707096588115e-04
-5.210566519588198230e-05 -2.295395108758403746e-03 1.581438358697799659e-03 1.060987392889971206e-03 6.300137413171127444e-03 -4.878014640338518282e-03 1.587451930727189469e-03 4.826257334654813873e-03 3.375143615703647508e-03 4.938953657873787397e-04
1.051390612728913317e-03 1.997124741147851285e-03 4.353067637890524542e-04 3.563720300085285761e-04 -1.996744865616212339e-03 3.213205711914549241e-03 1.182038009862675673e-04 -1.179823828886474848e-03 -6.251309019595655209e-04 5.766542735442358857e-04
3.036100150382795102e-03 1.519157826329470707e-03 -4.688997448854753474e-04 5.468007528481193041e-04 2.161855397310262614e-04 5.709572627046019706e-04 -1.001381048895531476e-03 1.366090103960547128e-03 -2.162938099308941813e-03 1.106654278580759473e-03
1.597463080841888443e-03 8.373567358890799620e-04 2.194493842894724555e-03 9.525850863616986504e-04 1.248249772368341696e-03 1.196093009315142260e-03 2.109409561772588107e-03 2.095943373401440261e-03 2.161130687550374962e-03 8.408773175885577399e-04
1.591814580107414568e-03 2.793983412283267739e-04 6.360240896243696956e-03 1.957207436440810879e-03 6.133571091256815027e-04 3.738903730256128589e-03 5.726921208487758576e-03 1.228598099226572288e-03 4.398345036573050697e-03 1.617714177536205703e-03
-1.701744286817357451e-03 -1.766390418942727141e-03 1.677994102395548564e-03 5.501348257809477739e-05 2.479605264388073244e-03 -1.763348433619926943e-03 2.279719102748515355e-03 1.670769150353748449e-03 2.932871943865532263e-03 3.215884618083065865e-04
4.657823446527206766e-04 3.328270824697996018e-04 -2.842928756042339619e-03 -4.150718666237444843e-04 6.487873281549539012e-04 -1.498938524416528872e-03 -2.514008446605703676e-03 1.942723078790867806e-04 -1.901359390880234682e-03 -3.006910137415122258e-04
5.089085513988271785e-04 -4.787598604819994982e-04 4.717006373788370740e-04 1.430823172999868729e-04 2.654440930455742934e-03 -1.389781626846948569e-03 1.302528468385849916e-03 2.443308516934438335e-03 2.080267634088181494e-03 4.128640702734201495e-04
7.450748667103542855e-04 4.905381625983099231e-04 -4.952661453630121660e-04 1.357363968539182877e-04 4.882796328646107383e-05 2.667647650641498999e-04 -3.345657047119243331e-04 2.926485217139864728e-04 -7.228099581986782100e-04 5.042491592335560449e-04
1.247365830193196586e-03 2.848013713897577055e-04 1.939246667694801297e-03 5.959319259714985443e-04 1.107762313075463540e-03 1.014920107575572900e-03 1.881125757259963054e-03 1.234601730561411164e-03 1.569872535713434268e-03 9.264492164071126950e-04
1.019721692390950472e-03 4.070817034194679652e-04 -2.492305264115425275e-04 2.540446586972593167e-04 5.797859567817320548e-04 -1.062188451422768051e-04 -4.517209873137674361e-04 7.443178857208071183e-04 -6.203549319444347536e-04 5.918576907445215803e-04
8.278514047668293196e-04 4.360107113385639746e-04 -9.284418674175569277e-05 3.229688250293020124e-04 2.910823676689851171e-04 7.714007626050711536e-05 -3.854225269788518968e-04 3.031761935865834486e-04 -4.820266990025376375e-04 4.527743052656668828e-04
6.258443087961507254e-04 2.830481433484541916e-04 -3.169396483764033170e-04 7.763831581250111419e-05 3.715490048972002021e-04 -8.966448104719181370e-05 -7.142419403696681826e-05 4.107288914703519263e-04 -2.953275467762699990e-04 3.080906333868653761e-04
-2.197051585852310182e-04 -3.535445651260278035e-04 -1.128309652757318983e-03 -1.002322469396406228e-04 1.153805973981712057e-03 -1.503081160016979346e-03 -1.060800215671276608e-03 6.791056940905732626e-04 -6.241747316522616891e-04 -1.912853465876602056e-04
8.813234865937763854e-04 7.681328243507261734e-04 -1.551418150868342930e-03 -6.138299870948006804e-05 -4.528627850295364955e-04 -1.179937550995853235e-04 -1.624695831653100555e-03 -2.139850665788114390e-05 -1.925337308940432320e-03 9.285607850932537679e-05
2.963865248045461113e-04 1.656562267520485961e-05 5.204386823805370790e-04 3.731351216237623015e-04 7.552673445557318236e-04 -1.105954486123720437e-04 7.264109557091851096e-04 7.685768978881274372e-04 5.973545926566490444e-04 4.473241208971599878e-04
1.342043209178976019e-03 6.577695740332321862e-04 1.660996373564295470e-03 7.242264232767839718e-04 1.073211024543712679e-03 7.838411948453532499e-04 1.475111559467355126e-03 1.512403339068470838e-03 1.204909137474089289e-03 1.162391369982120927e-03
4.912416110305434453e-04 1.125339962746688707e-04 3.894227487729489171e-04 2.446722546992239830e-04 1.130730590079650870e-03 -3.918690616564122738e-04 4.630076407454050105e-04 9.398712045271495575e-04 5.773814646962534486e-04 4.521627973022523624e-04
2.500732725652784555e-05 -1.042665736782087725e-04 5.751245211173506514e-04 1.659362872444767039e-04 4.787559780747781030e-04 1.382468335389493947e-05 5.705835925079392459e-04 3.026647429384326311e-04 7.079352384815137565e-04 1.625593511908619273e-04
1.038337618843887021e-06 7.515823862708274862e-05 -2.153336298042425373e-04 1.130968826413837716e-04 1.389140048541838326e-04 -4.436238550952473404e-05 -9.336747844494636985e-05 2.027481052425967733e-05 -1.665238455907317036e-04 4.246455662849869719e-05
1.420321940540131723e-04 -1.418116562184109513e-04 7.495694897912952553e-04 2.536651557356186062e-04 7.100474707564957428e-04 -1.910800798545687787e-04 7.632016809963955862e-04 5.539325243170373052e-04 8.798545642312714148e-04 1.818079013827485007e-04
1.281889286763553527e-04 5.502237324991922363e-04 -8.672928639411019028e-04 -1.225574005071517749e-04 -6.283478145331154556e-04 1.760993165992789206e-04 -8.557249851172949026e-04 -3.442502735946858529e-04 -1.094720649254130040e-03 -1.488751254832267827e-04
2.135911872242424387e-04 1.427333066980012821e-04 1.998807013695301526e-04 2.413793192790066966e-04 2.937328650172370379e-04 2.151445167820159555e-04 3.778422525459457768e-04 2.147161836453715560e-04 2.364977109370852259e-04 1.476557503784754830e-04
6.630889805720535863e-05 -8.627952658754368964e-05 1.019134773310264691e-04 2.022316947141390351e-04 4.651922885682461357e-04 -1.576285065842087068e-04 2.755358229807833856e-04 2.936050470790054130e-04 2.967591043807310644e-04 1.118652929881601280e-04
2.762542150206594551e-04 -6.277615108787158054e-05 7.285949145863947337e-04 1.328761846834126124e-04 4.630103868307892164e-04 8.334106768646531982e-05 6.563824085844067102e-04 5.811289333557838116e-04 6.861865801351055153e-04 2.631921107395626311e-04
3.553210480521044727e-04 3.112543795252996543e-04 7.928730480200354405e-05 2.360664854804581884e-04 1.749845880613175948e-04 1.776605833299703494e-04 7.693570518720600055e-05 1.295601436016283637e-04 -1.404906254771491104e-04 2.645390796027484340e-04
1.157391079609267900e-04 1.738356462758536660e-04 2.818282292883290182e-05 5.555831394299769600e-05 1.081919346911698620e-04 -1.282793894983833410e-05 5.428286653259375326e-05 8.468654712245154666e-05 1.107687719673009460e-05 2.083111999572833073e-05
3.117350979978671956e-04 3.474890353908902845e-04 1.415494831421819247e-04 7.443949182846010303e-05 -3.027637397121591485e-04 4.223342918204919913e-04 -4.475184614426125753e-05 -1.523865642038373103e-04 -1.007246691823325324e-04 1.669651726769434208e-04
3.077463026241933006e-04 3.950536103670657822e-04 3.242800654914597272e-05 8.631773673525137166e-05 -6.391708027613572738e-04 7.705533053436508560e-04 9.157180654870076996e-06 -3.851123604088106060e-04 -3.509628609338897361e-04 1.729595114939671717e-04
9.957431950079934470e-05 3.944338180154592665e-04 2.295874184515966926e-05 -1.391128480721741379e-04 -6.619922753480924444e-04 5.150701022273618430e-04 -1.815485157379808970e-05 -3.834209881715027802e-04 -1.034966332002733828e-04 1.112326579548026284e-04
1.982674359978526396e-04 2.451492411991052379e-04 -7.835505023862317545e-05 -2.048399659786235693e-04 -5.743227944277718789e-04 6.384970553275731665e-04 -3.841910380247538320e-05 -4.776382869786045186e-04 -2.982608682508208569e-04 8.172420875314186025e-06
2.870383620579463257e-04 2.857261104419911999e-04 -4.197892754187681162e-05 9.464540403548860471e-05 -6.216660817183922464e-04 5.494875108953162657e-04 -1.184725597654208646e-04 -3.804875181673084226e-04 -4.476837112872477319e-04 9.907076544723620606e-05
4.297557413434119865e-05 2.303087923200768214e-04 1.460586251686948509e-04 -1.314879599564709864e-04 -5.950665220668082929e-04 7.223920154474779099e-04 -1.345515675311485207e-04 -5.378170478620127514e-04 -4.075235641057619609e-04 -7.550431451272428252e-05
2.276531495426810240e-04 4.402929895736074702e-04 2.780415653193488517e-05 2.222898595216306060e-05 -5.840896148572870305e-04 7.499308623611192519e-04 -6.936389097619519997e-05 -3.364180175475724481e-04 -2.321751838843709383e-04 7.574206756746065382e-05
1.074317833099004178e-04 3.585600825935275670e-04 -3.928700059793532813e-05 -1.822112590652668728e-04 -8.021892618154859850e-04 7.978426001346415218e-04 7.433757717818582336e-05 -5.281457680887689582e-04 -2.237973655547748173e-04 2.014868412197086530e-04
5.125844783688417687e-05 2.873025265073376956e-04 1.594323120737881853e-04 -1.155766572774500971e-05 -7.417316437557011210e-04 5.614027010537033869e-04 -7.933978530930274197e-05 -3.713384011105270370e-04 -2.049239708488131560e-04 2.727947226427797806e-05
4.132051265784021502e-04 4.532712572409458205e-04 1.374962036048024781e-04 4.456055180855158403e-05 -5.316147586955868474e-04 6.908794515752708122e-04 -1.171823825883408949e-04 -4.264110346178915821e-04 -2.429855384290441128e-04 -4.804622378359346983e-05
-1.951662231157536638e-05 2.093880560662348203e-04 1.184824499574969837e-04 1.747782197068866621e-05 -8.012011350217527594e-04 7.492902465005463241e-04 1.892110707371445235e-04 -5.647016100976105877e-04 -2.542409575913623571e-04 -1.061272985287734877e-04
-3.626962900385493011e-04 -5.105410896479229722e-04 -7.161870927116037672e-04 -2.636464542953161175e-05 7.992549415343847474e-04 -1.309831427488453073e-03 -6.001199048393569564e-04 4.531030992152219774e-04 -2.073893497238897836e-04 -2.594600330715822424e-04
-5.722175956440926159e-04 -6.133884056448099271e-04 -6.982037101691024490e-04 -7.726782489695906619e-05 7.888203710427919499e-04 -1.367771484717406234e-03 -5.397687648713498905e-04 3.694329635969117857e-04 -8.055456968548952530e-05 -3.522178145959009793e-04
-4.826971687086671842e-04 -5.726259079266051008e-04 -7.092827685213929983e-04 -5.788832242116618036e-05 7.955063965683439962e-04 -1.358278689039595219e-03 -5.703033243519257207e-04 4.091457626579683812e-04 -1.242782810524610266e-04 -3.099412727319589170e-04
-4.572823605478811460e-04 -5.520834781505577554e-04 -7.027085425232477024e-04 -4.046051936935053466e-05 7.999517435434381086e-04 -1.337442274428032049e-03 -5.662941435272751982e-04 4.262235856409659946e-04 -1.376823699866132605e-04 -2.882305987956515687e-04
-1.169498363095812466e-03 -9.332132276735950489e-04 -6.822557470359723536e-04 -2.131064722151386438e-04 7.131394240489105727e-04 -1.508238778491582466e-03 -4.159161265614397750e-04 1.221355347996599288e-04 2.779392775687418047e-04 -5.997299207661075824e-04
-6.332569313123536346e-04 -6.525243957180260849e-04 -7.024388611424832755e-04 -9.511698276781869197e-05 7.785996106384446931e-04 -1.381864218420834380e-03 -5.331984370261631150e-04 3.429510214019560843e-04 -4.611807906211962506e-05 -3.761003651401642871e-04
-2.299875536428133357e-04 -4.219961147095571230e-04 -7.194781002238699597e-04 -6.740934117966365599e-06 8.068849106489705192e-04 -1.280538651503679249e-03 -6.342872578917596853e-04 5.248019207542258804e-04 -2.814606187388541303e-04 -2.043265546296767210e-04
-3.876111123041507873e-04 -5.190433884961861326e-04 -7.117794867375086456e-04 -4.588693857716042367e-05 8.108332851309990597e-04 -1.335244316911479668e-03 -5.911631154937853436e-04 4.518142320730322132e-04 -1.929547397015840928e-04 -2.805029651534243231e-04
-1.132117881168142524e-04 -3.665596710754573818e-04 -7.294432062381988029e-04 2.846944202200328043e-05 8.115448082752013074e-04 -1.254379596010133952e-03 -6.628829319010587622e-04 5.647249823913051952e-04 -3.655113358129897789e-04 -1.496670147821270219e-04
-5.247410997665504992e-04 -5.892696246222599602e-04 -7.046866511737022486e-04 -6.648810472173928706e-05 7.782953465612100965e-04 -1.358371253464991978e-03 -5.538708223700551181e-04 3.932739671987502085e-04 -1.113173829195501178e-04 -3.331709008961898795e-04
