6.119413234465690766e-04
1.020908805631517394e-04
1.424559720517332042e-04
5.583383665466653276e-04
8.023514874924332239e-04
5.285492123885192177e-04
5.405645742868821517e-04
2.407741782550138539e-04
3.949901550686488508e-04
1.190180130200305065e-04
-1.493717556779524010e-02
-3.583878081251985759e-02
-1.105406572802223979e-02
-8.263687063256971305e-03
-1.995898587711714828e-02
-2.784500697720298026e-02
-8.159403630602605692e-03
-2.004834465826487236e-02
-1.889001952034108367e-02
-1.754048258658918308e-02
1.377005750364011100e-02
2.459492281058811829e-03
-5.609562175664523954e-03
-1.249902668183808935e-02
-1.553207810439710809e-03
-3.228276882827945532e-02
2.561564376721623196e-03
-2.198537118608742333e-02
-2.153882006976412695e-03
-4.019350965457644045e-03
-3.984706191115664625e-02
-2.437010977654590835e-02
-2.262421947348431175e-02
-4.601085590550801213e-02
4.872749395833508856e-02
-3.886738018458182203e-02
-1.178393990874946305e-02
3.655145325721040339e-02
5.156810236195803754e-02
-7.304268356450376032e-02
4.726446425892506797e-02
3.140447618055960954e-02
4.148111975076026331e-02
4.625079671719893593e-02
2.389326976372724981e-02
1.688881683232380804e-02
2.929550246114593845e-02
4.238681006409769636e-02
2.754403138751264357e-02
3.695949147282082126e-02
-1.781226309905911166e-03
9.801548141992032920e-03
-4.752162807914680348e-03
1.271325940067861981e-02
1.496702119033667400e-02
1.576786940725118449e-02
1.151090787532955614e-02
1.596530563354166612e-02
1.060268630753817554e-02
3.860873576385893784e-03
4.755432979998836830e-03
5.043423000767597794e-03
1.124637860812453122e-02
-7.501494049150279377e-03
1.316185176737685349e-02
2.247240484283025835e-02
2.313706727407682101e-02
-5.515333112223604409e-03
2.287006340030635701e-02
4.022179975757714937e-03
-2.521336957276417573e-02
-5.033228170904490567e-02
-4.026262468750394646e-02
-2.013229739168763410e-02
-1.563586061258948751e-02
-3.742933234096572359e-02
1.059069137432256703e-02
1.310303137670868444e-02
-7.713507245640111032e-02
-2.225347636831105300e-02
-1.327098222928542633e-02
9.758520517467186850e-03
2.136602057066004298e-02
1.715872492292746729e-02
3.580225235205147793e-02
2.062857739026010065e-02
4.587598677444806872e-03
1.002109743788755745e-02
1.012771619408425403e-02
-3.176020179596469178e-02
4.698247106135149294e-03
1.180735220581311060e-03
-1.606379852972923423e-03
-1.555135584075231130e-03
-1.908748961138759335e-03
-6.048197732406913494e-04
-9.319328677917177242e-03
-5.342262586494682212e-03
3.287642146037134117e-03
1.019710476573927257e-02
-1.799517481839442955e-03
2.720215496425743614e-03
-5.210616924768409148e-04
4.838612772713753174e-03
3.629176832366902850e-03
2.332723226842419069e-03
1.177058001241517229e-03
-1.080824760988144439e-03
1.470811864569836766e-03
1.917588855330820945e-03
-4.065323539650789880e-02
-3.238117287660577381e-02
1.921954103290218763e-02
1.352784000524067873e-03
2.554676939535963087e-02
-1.065707010779411851e-02
-1.548504789927421764e-02
-4.984514843890460768e-03
2.867883168755649623e-02
1.081828063963458444e-02
4.195448031129118331e-04
4.883535488098919184e-04
3.370458860790787720e-04
2.364734934986312666e-04
7.586731261169102824e-04
3.568565883930202467e-04
5.011448522702095093e-04
8.004966957592619860e-04
2.998071037110470994e-04
2.860788877929126383e-04
2.446537394588422717e-02
-1.823898137832261459e-03
2.442025967061254438e-02
4.723719763838487434e-02
1.661524606167999810e-02
-2.663805172236898694e-02
-9.321423535085729753e-03
1.057799183943980426e-02
3.725241689458205774e-02
4.125520857917289175e-02
1.258007468100982677e-02
6.272849813370412302e-03
5.528709000062257198e-03
8.364567030990850346e-03
9.563550692556144900e-03
-7.801599134276996847e-03
2.915049585507715080e-03
7.175969977618664765e-03
1.336041486387094801e-02
7.408813795918407774e-03
-1.377737488089757767e-01
-4.493889402938935906e-02
-1.244787402317974745e-01
-8.522992434726767152e-02
-2.514335701832159584e-02
-4.234025199444069187e-02
-1.617610758053937559e-02
-7.231262889597182830e-02
7.535729522147098514e-02
-1.168652553555156182e-01
3.630832522789463612e-02
4.790533756596603715e-02
3.317724199386037909e-02
1.157849239358981625e-01
7.882338614624834205e-02
5.465529288982674816e-02
5.646153258459602614e-02
4.624430220037515499e-02
6.767392145240722079e-02
4.698820767848820024e-02
8.602728061664618314e-03
-5.317220533912227903e-03
-3.943199820155502550e-02
1.703248659056087050e-02
9.791527179728158961e-03
1.776940212871520181e-02
1.812397767975173352e-02
1.900328283906439417e-02
2.205394042144902256e-02
-8.727936508182839934e-03
1.451707054623379385e-03
-7.902408287721960495e-03
-1.118590546341733348e-02
1.094356252101519149e-02
-1.530645826838574614e-02
1.449660274832926567e-02
-7.470567137943243639e-03
1.985958954747636326e-03
-1.158453960838063367e-02
7.696399729043467558e-03
-1.705958621874965029e-04
-6.503512700740809484e-03
-9.905459638234314496e-03
9.176373185198405044e-03
-2.257382204633660155e-02
1.187177515249009802e-02
3.764723077583419231e-02
-1.553453976762225741e-02
2.475668163442930076e-04
4.760482658477634306e-03
6.211203584242576403e-02
-2.902595916109820817e-02
3.370632617644209184e-02
4.677882215553389768e-03
-2.616757774042557851e-03
1.547573172018633890e-02
6.747097584645458945e-02
1.403105626355568430e-02
7.010469111605763248e-02
3.845265552431178114e-03
-1.139796130448122134e-02
1.816391678743066104e-02
-1.500975345140829337e-02
4.113304683024870262e-02
1.963224210870836289e-02
4.297168889451670817e-03
-1.107214468569127884e-02
3.063821743714463530e-02
-5.566098790804064819e-03
2.951795703158262632e-02
3.012550717143428966e-02
-1.299577315929761716e-02
2.707073786002810178e-02
7.734069815784943604e-03
-1.101129450115692979e-02
1.037809795063499713e-02
9.209555672126066087e-03
-3.794734147137428237e-02
4.997684704129803229e-02
-7.522314287848419490e-02
2.906532410016052226e-02
-1.758477702144687488e-02
3.031007568670039695e-06
8.010126431773565911e-03
-1.436251499998898173e-01
-3.608447683747246365e-02
6.047917097393615271e-02
2.128941643217087398e-02
8.438682458571619693e-02
-1.055746929915444415e-02
