2.475622382582279789e-04
4.382607511492777556e-04
9.874446256343937661e-04
2.123332915212210235e-04
5.800373888439114322e-04
2.509955315640445225e-04
4.375080597946833373e-04
3.027668815327224099e-04
2.864927539605629354e-04
8.556792282646921190e-04
-1.152790764630505851e-02
-3.138291939682544274e-02
-9.713146149312058136e-03
-7.150707260165003326e-03
-1.727470950794135138e-02
-2.459602135982426330e-02
-6.998030968425885193e-03
-1.706466882569584662e-02
-1.561151074118191651e-02
-1.619283343180593499e-02
1.262990346282857022e-02
2.375793788205131114e-03
-4.878989844064898079e-03
-1.121643345357226096e-02
-6.793495745383503707e-04
-2.791807583713279070e-02
2.116289109770169881e-03
-2.066706813514926008e-02
-7.715503132553010093e-04
-3.922395213496091861e-03
-3.542322504076179934e-02
-2.097242978280382600e-02
-2.095616302531695327e-02
-4.191794293254021836e-02
4.092417476977878998e-02
-3.488108549574298056e-02
-1.095230083997139267e-02
2.964559154548586026e-02
4.676313574185214650e-02
-6.661627698515110163e-02
4.274691117356861636e-02
2.925000573008662216e-02
3.761327696322635389e-02
4.166496278936869524e-02
2.278033788739326770e-02
1.647445316741873861e-02
2.735468709666799905e-02
3.843707768354793358e-02
2.543718086500997705e-02
3.387093997673196882e-02
6.029393802585515839e-05
8.998201185493446067e-03
-4.150272233229772290e-03
1.298645346030164599e-02
1.496041179841707536e-02
1.582147371437822234e-02
1.184949891977437296e-02
1.592002211782454421e-02
1.197707875721426042e-02
4.138285184010441660e-03
3.817369690118864109e-03
5.625722536661103244e-03
8.917135407695857621e-03
-4.818829870163742445e-03
1.183862687218247001e-02
2.041719845977330028e-02
2.038275732516595801e-02
-4.005567357998470086e-03
1.928266561590293374e-02
5.694418999816299766e-03
-2.245747776503788373e-02
-4.807851565955716805e-02
-3.746863590838021840e-02
-1.942930757258089225e-02
-1.413976018086254838e-02
-3.303529726947126988e-02
9.600448442884655306e-03
9.839412254164889293e-03
-7.003489878135828184e-02
-1.961488660945516146e-02
-1.176432020828014832e-02
1.018850520537346004e-02
1.963243803708832058e-02
1.491019631556873837e-02
3.027567336178470930e-02
2.030517207799959964e-02
1.026509609751562711e-03
5.118477932325231523e-03
1.436469020568672053e-02
-3.355926437115844263e-02
3.970033358204992993e-03
4.292016491396336876e-04
-1.168123494221506246e-03
-1.903142617955958351e-03
-1.956991376235830190e-03
-9.166576873382261325e-04
-7.319383578312448763e-03
-4.731097206768252773e-03
3.179348156467980309e-03
9.564439360951514438e-03
-1.296490081253516037e-03
3.229509694499318063e-03
-1.940280819888549953e-05
3.852311926759231179e-03
3.907766026106463363e-03
2.423730202864609468e-03
1.102215846530792218e-03
-4.597006928751021888e-04
1.865102476081169705e-03
8.650352390655193348e-04
-3.489173718512471323e-02
-2.831713532481313494e-02
1.625727647632149719e-02
1.184612860872238113e-03
2.097036904452064671e-02
-9.353696770126609938e-03
-1.392168315374416737e-02
-4.788593630638458831e-03
2.385071300653458098e-02
9.281469515229581746e-03
8.430847024116865616e-04
4.794675216617677875e-04
2.819702294501824722e-04
3.533622791849159311e-04
9.631761096242264127e-04
1.100694291788713352e-03
1.751004577259909810e-04
8.604624744170523984e-04
9.933379458188556967e-04
6.961632162689419595e-04
2.311587703296868676e-02
-1.619811950741257504e-03
2.240374162489127546e-02
4.476194997430559680e-02
1.460231867750066276e-02
-2.433560692588306734e-02
-1.113638279114977613e-02
1.196320535658991838e-02
3.436647477718195870e-02
3.963453530376751660e-02
1.299251119350852170e-02
6.438897023171860114e-03
6.339433953484911038e-03
8.853345181492475874e-03
8.784338235937310529e-03
-5.446824197261160815e-03
4.560391096340486380e-03
7.202067223518311863e-03
1.267207442399376910e-02
7.085826962387917552e-03
-1.225598596766835496e-01
-4.048641123724372459e-02
-1.124746535109130557e-01
-8.223809122255261450e-02
-2.604981043694394247e-02
-4.189428856515508420e-02
-1.726586836597038960e-02
-6.561524461645634743e-02
6.318027708899913442e-02
-1.097981743653856368e-01
3.332070234597050984e-02
4.301956248105177211e-02
3.075072633008572517e-02
1.008699162147545236e-01
6.899241663368252397e-02
4.773765605166219173e-02
5.013023131745339422e-02
4.299139583549584087e-02
5.864301179677998410e-02
4.252939169021018734e-02
8.473941779052267601e-03
-3.591495341520690738e-03
-3.331675683175279457e-02
1.679445706865678734e-02
1.021990891318074954e-02
1.700351915664653074e-02
1.626484610500405006e-02
1.763789581608703194e-02
2.077567148646061734e-02
-6.856309633698070248e-03
-3.098631865568187647e-05
-8.269449627330931890e-03
-1.229330610747499455e-02
7.669959691128150868e-03
-1.405152356891582223e-02
1.049262997815899115e-02
-7.799142948573603573e-03
5.009673370567298062e-04
-1.246961129712067899e-02
4.980667853668290825e-03
1.186039949275929624e-03
-3.838565395945414856e-04
1.932651757194082899e-03
1.012849963581281126e-02
-1.683485169155709768e-02
9.684879291885852698e-03
3.497887644309614213e-02
-1.855614412836855548e-02
2.896042208941417700e-03
4.786000289341387978e-03
5.873008441205532920e-02
-2.085311901515060282e-02
3.208922906294144756e-02
5.530741881168111176e-03
2.100735766858013130e-03
1.476428636717427162e-02
6.406497167631901302e-02
1.405490434977424777e-02
6.302505302198521675e-02
4.859761890664433467e-03
-1.046600966383540166e-02
1.598622284634345497e-02
-1.299968870735452448e-02
3.713220186517530302e-02
1.733031794036796538e-02
4.190387420484624828e-03
-9.806101224373081973e-03
2.681822011602344458e-02
-4.351392976442674046e-03
2.808831739276806960e-02
2.786086781669804696e-02
-1.181915122265204780e-02
2.502454099296022236e-02
7.157141211982858894e-03
-1.031261058581768239e-02
9.818399088967630362e-03
8.798180087629269355e-03
-3.496021123247941564e-02
4.506690594319750359e-02
-6.883563158949325411e-02
2.599008112494172532e-02
-1.638807262947292870e-02
1.932993265393012075e-04
6.761986033853830541e-03
-1.306802951351014597e-01
-3.269067248774220474e-02
5.472610465375820493e-02
1.952683554398721918e-02
7.711758569361425175e-02
-9.161696177309773190e-03
