time cost: 0.000001
loading data...
time cost: 0.879879
loading features
time cost: 2.227828
making datasets...
n_users: 13262 n_items: 13902
time cost: 7.814789
start training FM...
epoch 0, loss = 0.513262, lr = 0.005000, time cost = 2316.295680
evaluation: loss: 0.559211, precision@20: 0.273847, recall@20: 0.805588, NDCG: 0.636639
saving current model...
epoch 1, loss = 0.513262, lr = 0.005000, time cost = 2634.264446
epoch 2, loss = 0.513262, lr = 0.005000, time cost = 2789.629901
evaluation: loss: 0.559163, precision@20: 0.271500, recall@20: 0.799603, NDCG: 0.624087
saving current model...
epoch 3, loss = 0.513262, lr = 0.005000, time cost = 2959.759389
epoch 4, loss = 0.513262, lr = 0.005000, time cost = 2810.357771
evaluation: loss: 0.559204, precision@20: 0.268858, recall@20: 0.796953, NDCG: 0.612636
time cost: 13690.964849
------------------test---------------
evaluation: loss: 0.540686, precision@20: 0.248983, recall@20: 0.815752, NDCG: 0.595438
tensor([-7.6693e-01, -3.5083e-01, -3.0342e+00, -1.0259e+00, -9.4664e-01,
        -9.4270e-01, -9.9599e-01,  3.5693e+00,  1.0148e+00,  1.1059e+00,
        -1.2758e+00, -3.4640e-02,  2.4272e+00,  4.5561e-02,  1.9556e+00,
         1.0037e+00, -6.9224e-01, -6.7640e-01,  7.7886e-01,  1.6850e+00,
         9.5293e-01, -1.1565e+00,  5.1025e-01,  8.2510e-01, -1.2618e+00,
        -1.1219e+00,  6.0766e-01,  1.1233e+00, -2.2331e-01,  3.2079e-01,
         6.7772e-01,  1.9699e+00,  2.0238e-02, -1.1384e+00,  1.0179e+00,
        -6.3015e-01,  6.2842e-01, -1.5486e+00,  1.1106e+00,  1.7543e+00,
        -1.8417e+00, -2.1547e+00,  9.8985e-01, -2.1848e+00,  1.4931e+00,
         1.2960e+00, -2.0427e+00,  1.3374e+00, -2.0807e-03,  1.9969e+00,
        -1.2637e+00,  1.0504e+00, -2.1032e+00,  1.7360e+00,  9.1037e-01,
        -3.9636e-01,  3.0287e+00,  1.4049e+00,  3.1589e-01, -2.0276e+00,
        -1.1435e-01,  3.3451e+00,  1.9175e-01, -1.8601e+00, -5.1199e-01,
         5.8431e-02, -1.0951e-01, -1.0274e+00,  1.2630e+00,  3.9230e+00,
        -1.9622e+00,  1.4756e+00, -1.0692e+00,  2.6719e-01, -1.7564e+00,
         1.7605e+00,  2.2068e+00,  1.5099e+00, -2.4284e+00, -9.5037e-02,
         6.8395e-01,  9.8681e-01, -1.2667e+00, -6.4898e-01,  2.8033e-01,
        -1.1691e+00, -1.4561e+00,  2.9806e+00,  2.6292e+00, -3.8734e-01,
        -6.1863e-01, -3.2085e-03,  1.4199e+00, -9.4546e-01, -2.4117e+00,
         7.4995e-02,  1.7440e+00,  9.9995e-01,  6.8475e-01,  1.2482e+00,
         1.6513e-01, -7.3444e-03, -2.5158e-02, -8.8000e-01,  1.6264e+00,
        -1.5439e+00,  1.6718e+00,  3.0202e-01,  1.0993e+00,  1.5041e-01,
         7.1103e-01, -1.5744e+00, -3.1926e-01, -2.1273e-02,  1.1663e+00,
        -1.6977e+00,  1.0475e+00, -1.0965e+00,  5.2758e-01,  1.1204e+00,
         2.1834e+00, -2.7921e+00,  1.6718e+00, -1.8998e+00,  2.6727e+00,
        -5.2862e-01,  2.7331e-01,  1.2684e+00, -1.1250e+00, -1.2699e+00,
        -5.4602e-01,  3.3148e-03, -1.7313e+00,  1.0285e+00,  1.4624e+00,
         1.0886e+00,  2.5058e+00,  1.3189e+00,  3.6703e+00, -1.8140e+00,
        -6.0439e-01,  2.3398e+00,  4.2588e-01, -5.5935e-01,  1.8189e+00,
         3.3220e-01, -1.9240e+00, -6.4485e-01, -4.2392e-01,  9.2413e-01,
         5.5111e-01,  1.3578e+00,  8.5385e-01,  4.3229e-01, -3.6093e-01,
        -1.0807e-01,  6.7009e-01,  5.5389e-01, -1.8418e+00, -8.2848e-01],
       device='cuda:0', requires_grad=True)
tensor([[-0.0281, -0.0082, -0.1273,  ...,  0.0343,  2.5078,  0.2622],
        [-1.4458, -3.1485,  0.4228,  ...,  1.1985,  0.8060,  0.1427],
        [ 3.6659,  0.7251, -0.9463,  ...,  1.8368,  1.3785, -2.9977],
        ...,
        [-2.0504,  0.9483, -1.1935,  ..., -1.0081, -0.7258, -1.7098],
        [-0.6583, -0.0072, -0.3181,  ...,  0.8124,  1.3938, -0.5516],
        [-0.3430,  0.0374,  1.5043,  ..., -1.1982, -0.8281,  2.5501]],
       device='cuda:0', requires_grad=True)
