5.363538355089078608e-05 1.243720940989482831e-05 4.590848463273157487e-04 2.128205505435456059e-04 7.421424323645660218e-04 1.578049094632386822e-04 7.503394365765479572e-05 3.069541713250624698e-05 8.171460027263161745e-04 5.375836929310099949e-04
8.249245602093297630e-04 2.783297429160471598e-04 1.512331026944003132e-04 4.863659072030668425e-04 1.867733766401436294e-04 1.597842669901889366e-04 2.629951388216102658e-04 2.701542417756640398e-04 6.804795997030510545e-05 7.934376065912259520e-04
2.731691208151707743e-04 6.764061817487270183e-04 9.057336915938673288e-06 9.451844576353244200e-05 5.796135413569482509e-05 2.941963940939838328e-04 1.070859086799484064e-04 2.163644391236119885e-04 1.656745151409267009e-04 8.487737514239719139e-04
5.072533256155629857e-04 3.748617769867049437e-04 6.370100233795162334e-04 5.905722948047992076e-04 1.367735160809330881e-04 3.258922588480467190e-04 2.884366293975542447e-04 9.121816458496297174e-04 7.347647088580206223e-04 5.842166299074067577e-04
3.878598737958398302e-04 7.070056814682323465e-04 2.656220439318439201e-04 1.707258585021439161e-05 8.028532125983800548e-04 1.695444486945413352e-04 2.455102611863313510e-04 6.353455450691232421e-04 2.222587710582079224e-04 2.548602260664208823e-04
4.099826467734865262e-04 4.543419705911719742e-04 2.446943069061306079e-04 1.514937562073966923e-06 4.822492488319905556e-06 7.231593584429748655e-04 4.487393330036586387e-04 2.160523904435224273e-04 6.671530147386420294e-04 9.004834848295103513e-05
1.214038092978621811e-04 2.856004473150474733e-04 6.419949075777093899e-04 3.929963255878235777e-04 5.735518993914861976e-05 4.801145416315641618e-04 7.570812056011133346e-04 8.289765289041381912e-04 6.811541046351155719e-04 2.283072135910240396e-04
1.869157934455456570e-04 5.564379538914683218e-04 2.995023924699511710e-04 1.786674357737281940e-04 8.703599059172911811e-04 8.039792755796395336e-04 2.400219470706787281e-04 3.422766949444226736e-04 1.055042747322067090e-04 1.558507710601721391e-04
6.941965935102207934e-04 7.565696893428176502e-04 8.565852348547504328e-04 6.904210379975736023e-04 1.623573181040580593e-04 2.036930696467614647e-04 5.870918519185452369e-04 3.100573470988442172e-04 5.884480815497203062e-04 2.882318451905266279e-04
6.457590831734595291e-04 5.359364483190938574e-05 7.153093641779713265e-04 4.500937517135874155e-04 4.324784374985791145e-04 1.774435612915728467e-04 8.397580184209362366e-04 4.469185336148175677e-04 1.953489070925038668e-04 6.484138685833801610e-04
3.585313073843736809e-03 1.570862800421729240e-03 -9.559800424674589573e-04 -9.780846342329265353e-04 6.927005443240416018e-05 7.340343791484311292e-04 2.816479185916878451e-03 -2.417651908690221800e-04 1.076496725327743290e-04 -2.525140023321107026e-04
-1.135509655122092683e-03 -1.407883534128640804e-03 2.826825166372190154e-03 -5.236632745460839504e-03 7.460554395380163606e-04 -5.501938083935294940e-05 1.457936947531660130e-04 -2.230870423030482854e-03 1.310308746900793863e-03 -3.311419670659529989e-03
1.628662394453025053e-03 -3.795923073210549369e-04 -2.803094974256159586e-03 7.834131791914069947e-04 -1.048117141488033631e-03 -4.320055174678428351e-04 -1.129196399954136495e-03 1.231381415428409480e-03 -4.494006837006039173e-03 1.866779072895182780e-03
2.757319042601786077e-03 -1.752451798292762328e-03 -3.733272915356249718e-03 -3.827357657872638291e-04 -6.853631400986234887e-04 -6.978182092782361312e-04 -1.566482832529552142e-03 8.048788109641472630e-04 -6.314235163423794969e-03 8.293549852900743841e-04
2.433868792910445257e-03 1.017991140722983821e-03 -1.284975330864787007e-03 -4.253342669230753079e-04 9.900292418610432549e-04 -1.340637635702070566e-04 7.883148447180554066e-04 1.894646794175569972e-03 -2.319983722357384266e-03 9.018740901472764625e-04
1.563036235388727676e-04 -1.479670583914364547e-03 -2.307517460975193595e-03 9.866059695456490513e-04 -1.089216499362540523e-03 4.817986503847157802e-04 -1.103485437980033504e-03 -1.264117883957818929e-04 -1.936189181486288506e-03 2.585991375536266196e-04
-1.098230673843401820e-03 3.297048885700404092e-04 -2.048950942070507444e-03 1.321292822896462024e-05 -2.232150571310264212e-05 -1.003373184219672398e-03 -2.465770751898186883e-03 1.585913851245666180e-03 -3.256554751417092657e-03 2.225497111633792813e-03
-1.968878602172821016e-03 -1.371559224020885235e-03 2.036907386484799153e-03 -1.985814382580870004e-03 8.276830819976047614e-05 2.763687916903355022e-04 -3.679075396129366364e-04 -1.611332775336323615e-03 1.410065548736399912e-03 -1.165957724892394392e-03
1.331526925494614082e-03 -9.668410486195260162e-04 -1.541544219417510797e-03 -2.988225866836149471e-03 -3.784401965840453901e-04 -3.384694469452350957e-04 -5.015950438623533901e-04 -7.907107955584919377e-04 -2.520861794982054687e-03 -1.199508437038496493e-03
-5.750341617837721265e-04 7.155029472123891664e-04 1.590986432770323230e-03 -1.666438352901253696e-03 6.816587437397740026e-04 -5.315492763723191435e-05 -5.500258685091036041e-04 -1.528013462497196948e-04 -2.732251139128584149e-05 1.236642276537568488e-04
3.714769139093144264e-03 -2.396041084982334605e-04 -6.910898766602224796e-03 2.146012346313625006e-03 -3.971625757382533537e-04 -1.228159170031838587e-03 -3.402861927511631381e-03 5.422081534909575437e-03 -1.082581892912503653e-02 5.042413244160473887e-03
9.461944187216426733e-04 -9.625348228696750923e-04 -1.436462041225205653e-03 -4.327866967245554901e-04 8.664722320700218308e-06 -5.828912415626903015e-04 -1.198620546084942307e-03 6.178720339734679150e-04 -3.246169999158066317e-03 6.415574721706821752e-04
-1.028647014614137312e-03 -1.536516289322567346e-03 2.217540211785135485e-03 -3.437708852699011917e-03 -3.690204452771717026e-04 3.395064741882706247e-04 6.037949245904568763e-04 -2.484674710288744572e-03 1.691220720481821345e-03 -2.816153046601990555e-03
-2.217788420595192026e-04 -5.056697837695308707e-04 1.004524064537245468e-03 -1.928930308028878587e-03 2.775399041039873548e-04 -4.015610471067077757e-05 -3.468432665212906052e-04 -1.005409183516463821e-03 1.171430096558576453e-03 -1.520614526537043994e-03
-4.777416871261585217e-05 -6.535928823502494371e-04 9.839485619278557065e-04 -1.247063443866804284e-03 -8.937287173603119053e-05 3.043081497788221448e-04 -1.696477420904772678e-04 -1.348934599034034383e-03 9.787741080785423899e-04 -1.464051610129520108e-03
-5.851742549868888324e-03 -2.393593666238099694e-03 9.081776395319627465e-03 -7.722524369656287059e-03 2.603906505583355470e-04 1.155427723314989387e-03 3.675785693173702455e-03 -9.983549892613345633e-03 1.174739219873543496e-02 -8.589745802010622169e-03
-1.083336280370448595e-05 -1.292785715936740736e-03 1.276147022754203081e-03 -2.802939337428569412e-03 2.551734167706797398e-04 8.450246199237150828e-05 2.142634890911706853e-04 -2.242586130364338654e-03 3.320086177295398936e-04 -2.104303081845432851e-03
-2.693796446668965741e-03 -1.849512561820525203e-03 4.872809644884497013e-03 -5.455422923247777410e-03 -4.634818004492509522e-04 2.849639703007119046e-04 1.996102007785829739e-03 -5.385962427834117307e-03 5.602771536150447269e-03 -6.018650834565078024e-03
1.729405706577222777e-03 -4.367626622369894250e-05 -9.491185696435175661e-04 -5.559398128103041747e-04 1.319696043137209547e-04 7.658329375759578795e-04 -2.317809413231594010e-04 -2.256900075481427909e-04 -1.296809566734640666e-03 -1.125100010637604403e-04
2.148442723218701479e-03 -1.115918540039528752e-03 -2.197773422665174649e-03 -9.265557735697472347e-04 1.399842454086981712e-04 -7.914102951901904137e-06 -3.155867842793395753e-04 1.030753715703090030e-03 -3.709172962258282767e-03 9.105959237098379400e-04
7.673582383021588160e-04 -8.870653405463268474e-04 -6.585166920906449124e-03 7.072027706952946531e-03 -5.225326481637920925e-04 -1.276879920937843207e-04 -5.555878200834623443e-03 6.098282281173901878e-03 -8.810985463122929240e-03 6.257432413078496160e-03
-1.585840585431279445e-03 2.371284343503890404e-04 -1.022029332402482962e-03 5.058810611794386375e-03 7.095586419718563154e-04 -6.608263918193778784e-05 -3.505518341032959687e-03 3.008745834445829877e-03 -1.526731013267695457e-03 4.611104827153583892e-03
-2.903427934462276313e-03 -2.676643741235776135e-03 -4.270401289421785207e-03 5.706491810257695307e-03 -1.884428958676870585e-03 -1.002061587561537239e-03 -5.246957809341904269e-03 2.476261697252942449e-03 -5.545568541364958789e-03 4.616988723636608789e-03
5.084311340540615884e-03 9.811063696881128400e-04 1.366795763788794657e-03 -4.982291296333962380e-03 2.200703648465773734e-03 4.562243797275704338e-04 2.600970547695450382e-03 2.317838419269658504e-03 -3.451026250454345464e-03 -1.914973704385570532e-04
-1.335593312407466152e-03 -1.640447337628561566e-03 1.112726454407696663e-03 -3.412835866004484617e-03 4.636901390533942880e-04 -2.984871061096478731e-04 -2.281357434820702364e-03 3.820742187020521158e-04 -1.973100124264885909e-03 -6.303044868375979465e-04
7.964672482815031613e-05 -4.062679889619734246e-03 -3.102218096908938242e-03 3.089479206801310027e-03 -2.509242619828781686e-03 -1.306629734835798454e-03 -1.546466517964884555e-03 -3.187302822285690532e-04 -4.045390784757916906e-03 -4.802866760169922922e-04
2.576466450272130691e-03 -2.203377098200683549e-03 -1.286212354753254235e-03 -3.809865192278479116e-03 2.483460449298672103e-04 -5.646210174607204377e-04 -1.517296845944495886e-03 1.085685741867013646e-03 -5.940981212954722993e-03 -9.948256913079810918e-04
-1.184578325396632315e-03 -2.125677917283286082e-03 -3.626437025967170838e-03 5.832007272928436091e-03 -1.271440885117694399e-03 -6.335854516358102248e-04 -5.481140699228217658e-03 4.719768530058504954e-03 -6.338242279883854816e-03 5.236293507823043536e-03
2.285444765950807311e-03 -7.504719069826974471e-04 -3.779290118022895096e-03 1.573263125288268350e-03 5.831793142240943300e-05 -9.544319727306569247e-04 -2.811473618114109039e-03 5.175451162540317326e-03 -7.090737812032209438e-03 3.327476928230465366e-03
7.862855933746373815e-03 -9.531199844313592313e-04 -2.419531314203569351e-03 -5.845622168744089853e-03 5.875635271163107088e-04 5.284120370476075171e-04 1.750250292846407566e-03 4.361075728509336037e-04 -7.764001135196854121e-03 -1.869057132043354472e-03
-7.664905038760976268e-04 -9.357104958590840358e-06 2.779910037934638957e-03 -1.820796662694388257e-03 2.810636409987794077e-04 1.059254829520854058e-03 2.388646081829588156e-03 -3.321660064037727962e-03 3.821918803822278807e-03 -2.575450550286538087e-03
-9.451084928309822462e-04 1.350351117812272430e-04 4.727333810219362317e-03 -7.908768505031562191e-04 7.775253777016044154e-04 1.106887704138851368e-03 3.208297997788001239e-03 -3.976716637657747716e-03 6.463338718499234831e-03 -3.502643944730133695e-03
-3.265382419355411774e-04 -7.905030728996126875e-05 3.676607385578753093e-03 -6.502748832215229924e-04 5.253639054584856869e-04 1.019089455681909673e-03 2.425081612489748961e-03 -3.528785523549713993e-03 5.468144342356527979e-03 -2.289345639061415253e-03
-1.562839413167996672e-03 -1.503448418004494627e-03 4.444343438082167669e-03 -3.048713091962234473e-03 6.404706156200163075e-04 1.605059257601553629e-03 2.211880602527585820e-03 -4.431637303591727702e-03 5.313488509320924737e-03 -4.277634246383689269e-03
-1.864167498006103060e-03 -3.322997207585426773e-04 5.863063680374805929e-03 -1.016125430838803103e-03 4.143828889430816657e-04 2.413393114900474774e-03 3.838606198711211163e-03 -5.203117091420343676e-03 8.730683407433889945e-03 -4.422466649070791803e-03
-7.639674246346334985e-04 1.288504988827475625e-03 5.669853211665186118e-03 -3.385847624329819385e-04 1.002162116522865376e-03 1.591006612824227189e-03 4.448813205830834394e-03 -3.604686818765767600e-03 8.305081887230636797e-03 -3.187246096786266417e-03
-7.577745279661316554e-04 -4.742898483773079650e-05 4.634703742806931849e-03 -5.157333637583066694e-04 5.661529849608450864e-04 1.159742557865766233e-03 3.318912146605022210e-03 -4.170070203318546574e-03 6.878025592327361923e-03 -3.656346405290656493e-03
-1.172166222050543627e-03 4.048366770476578445e-05 3.972834976124475261e-03 -9.133176454404592958e-04 7.089445677851757355e-05 9.618323530770109091e-04 2.091052157943182766e-03 -3.260553751442359528e-03 4.923762693186323376e-03 -2.618038320023918872e-03
-1.579360505238535826e-03 -9.490630512723513990e-05 5.829607666533575400e-03 -9.680680861552599980e-04 2.853282126752260117e-04 1.482689481645486874e-03 3.687906861298076606e-03 -4.610944207349406375e-03 7.336209241788143980e-03 -4.290749963355608779e-03
-3.975335063904296331e-04 8.112357450601113929e-05 4.325673749821241053e-03 -5.763418025110209238e-04 9.307490475651604986e-04 1.799402747410860492e-03 3.204925440677369557e-03 -3.457974260604600343e-03 5.848772667774583371e-03 -2.663611496529578061e-03
-3.729701907752596378e-03 3.968701680609818330e-03 6.240341937915396334e-03 3.086692155702052635e-03 2.255148065475540576e-03 2.199381915129766055e-03 3.347740937291301087e-03 -1.829107820416221893e-03 1.220468161434259437e-02 -9.428718414442175452e-04
-2.660501288532751956e-03 3.713916896726113335e-03 4.495783890861503214e-03 1.869615974541984473e-03 9.258037791461871295e-04 1.542277214059555555e-03 3.442711419581264906e-03 -6.153652655400092394e-04 8.633215515402437382e-03 -7.034764987312577605e-04
-1.319907444285364079e-03 5.154236754586303572e-03 6.929593320088843836e-03 1.402800727382609710e-03 2.837404247595835295e-03 4.202409581013255568e-03 4.979807579418774402e-03 -1.129842090340838585e-03 1.247652885297264799e-02 -5.735971894567309199e-04
-1.905476028487500684e-03 1.427426599664318504e-03 4.634570202105794956e-03 5.149603275609145525e-04 1.362965278790279977e-03 1.293378368357521544e-03 3.776485169043287612e-03 -2.807566946673834430e-03 7.359848493302610130e-03 -1.974163111207392820e-03
-2.481138259144995747e-03 3.551759906076346583e-03 4.703236895052856879e-03 2.324195851469934744e-03 8.535787189975087936e-04 1.749980045517944604e-03 2.748413814239540273e-03 -1.383940761451141026e-03 8.736965523859156757e-03 -1.121633221695437967e-03
-1.805420774298767753e-03 1.396376390097657473e-03 3.582894963359542842e-03 1.194533830600169816e-03 2.358168624561116479e-04 9.827444790073225443e-04 3.024021440314283733e-03 -7.569691212909994025e-04 6.317579572654921129e-03 -1.952409709034762112e-03
-2.488675835558505287e-03 2.378461515022676533e-03 4.474807681238533383e-03 9.964703114958321176e-04 6.336522415435446708e-04 1.773577391945332666e-03 2.975915064914594517e-03 -2.281336316280811131e-03 8.994093053171290167e-03 -1.370394883598098374e-03
-1.850204581454296428e-03 2.481603895331734293e-03 4.346072629342268706e-03 1.588068443868033463e-03 1.275001342032679305e-03 5.700560929587451852e-04 2.329573707063492104e-03 -1.212132639593808351e-03 7.924641663340569603e-03 -1.697120653535036296e-03
-4.395772795342165438e-03 1.168674245388801915e-03 4.385533099347126498e-03 7.463788955653472652e-04 1.036046077857105631e-03 4.219602325872678374e-04 2.142423086420365292e-03 -3.459876922776311710e-03 8.998516755794102456e-03 -3.055452390899900290e-03
-1.031086587805833156e-03 5.159479314338531568e-03 4.769350897165148921e-03 3.164431870157248441e-03 3.009548438402705542e-03 1.931611897590766215e-03 3.501729691575353274e-03 -3.469328792048996108e-07 9.031023310142072616e-03 8.743213450834104753e-04
2.809230933279028078e-03 4.287629964296084221e-03 2.002576836159676056e-03 4.525905770067515169e-03 1.711160488132828193e-03 1.064845018064509768e-03 4.138769796841747575e-03 2.408510427551435653e-03 5.105243204597815880e-03 2.129472857589271174e-03
-8.796400208404165245e-04 -1.969726045011393253e-03 1.769260892719189734e-03 -3.655986839132833056e-03 3.777671805191770840e-05 -2.652871895095792088e-04 4.423781652574323574e-04 -3.308742969330474328e-03 7.617084070062382205e-04 -3.421525356525791442e-03
2.641500055687977851e-03 4.780173421637307941e-03 1.157597426032560802e-03 4.036654305538862203e-03 7.777741158091721046e-04 1.051425022546708787e-03 3.670730862585210811e-03 2.212483781360028226e-03 5.549756838576176687e-03 1.695018267015479130e-03
-1.722319633209738700e-03 -2.008239652538187264e-04 4.420212709206089441e-03 -3.585995913047020610e-03 9.262075638713946355e-04 5.157630469695730080e-04 2.161176109918753249e-03 -4.107938475736950916e-03 4.267988609495202042e-03 -3.596281467279906392e-03
3.504722808950348160e-03 3.431965204196761859e-03 -9.046300082893153236e-04 2.001403625480972694e-03 1.151400840329340741e-03 6.410825535090491000e-04 2.652455513230827372e-03 2.323072646082751779e-03 1.190689148208202720e-04 2.403653140391735950e-03
-1.720294946619106051e-03 -5.770144443563161624e-05 1.635853997834746951e-03 5.828537549006382410e-04 6.297550062580228175e-04 6.568933463922473244e-04 1.678739323503823612e-04 -1.944372269967123293e-04 2.953581689406684779e-03 5.036492386878017305e-04
-1.427165001863023395e-03 5.338500097856486298e-04 3.613810417648340243e-03 4.374075922949369004e-04 9.106025602712733251e-04 1.420324818454232058e-03 2.681412405648816825e-03 -2.131030973508335046e-03 6.021844054887893864e-03 -7.139392923642547909e-04
-2.374986034793376884e-03 -2.011800480242489225e-03 5.963338274278527293e-03 -5.642799304973311787e-03 3.659912377825112642e-04 4.952115724668528516e-04 2.021030368377833928e-03 -4.686794967077293449e-03 5.151422663917473201e-03 -5.123844076146153413e-03
9.108230402760514322e-04 1.096253080688835762e-03 7.211984142850086854e-04 1.912034089502258208e-03 3.800672166310506005e-04 -3.626005289599241793e-04 1.484906436480887271e-03 1.582974306981630016e-03 7.339439119657380911e-04 2.058669706249122828e-04
-1.354011742972042846e-03 5.564392786740806002e-04 4.163006772103762347e-03 -3.410668233442734707e-03 2.959554319462059978e-04 5.153448440557591419e-04 1.616876140535229885e-03 -2.141899979178241587e-03 4.427406067413986769e-03 -2.218669808337146721e-03
1.350890275061217283e-03 4.269437093694413397e-03 5.686504784654875140e-03 -1.713304504312480880e-02 2.819279433304338212e-03 2.561787755669731482e-03 4.169107774519055249e-05 -4.536021178553859522e-03 1.621035476574574563e-03 9.222018004023248652e-05
9.730211523445360736e-03 -6.958264883864150735e-03 -1.145903428366234177e-02 -4.368417753697579481e-03 -5.192385357740143381e-04 -4.194626425380413096e-03 -8.841310311296873489e-03 9.848208613032986142e-03 -3.022794696730313202e-02 6.553883737127937613e-03
-5.229415568475164790e-03 5.597564861091588843e-03 -3.151547919920280345e-03 1.827289483109608217e-02 4.998609608099241312e-03 1.672748164201926955e-03 -1.641894003892383630e-02 1.463196300960858953e-02 -1.339179239434166524e-03 2.301108014341315608e-02
-3.694128953783010986e-03 -1.154675926721156903e-02 -3.862601275269833632e-03 -1.461996596544058030e-02 4.444707202761466469e-04 -1.010532858230034532e-03 -1.675139215441536281e-02 7.214994538387651916e-03 -2.596460108301021710e-02 3.100241589919005246e-03
1.309723341354062168e-02 1.524192076629946697e-03 -1.512105647943996767e-02 1.240846790950104117e-03 1.287093881472430154e-04 -6.008660549087743892e-03 -3.406255017176357085e-03 1.639558223445618593e-02 -2.458874827929925788e-02 8.277012974639296611e-03
-4.881859203798515935e-03 -3.137387512076530646e-03 -7.056743380312316231e-03 2.471577008554474812e-03 -2.694822792923414574e-04 -6.603016362764712113e-03 -1.434351018278399829e-02 1.599946905545800505e-02 -1.739810607226205397e-02 9.121016271908975390e-03
-1.702883653433890157e-02 7.144553358127299185e-03 2.222800864446250815e-02 5.415625594593235191e-03 7.815441006361790663e-03 1.162503230911533661e-03 2.436528992130986666e-04 -1.221192197670462965e-03 3.264400866250731503e-02 2.598131179927689553e-03
-1.261416296392401867e-02 3.608716469890518516e-03 1.419468264703338187e-02 -1.536946126948671165e-02 7.621224112376557940e-03 5.535603248718475554e-04 -7.506029204600034831e-03 8.299707471131326144e-04 7.802051912229316342e-03 2.352404305688918782e-04
-1.385628629427844427e-02 -1.743377497189619110e-02 -1.216498952170132729e-02 -4.957641353042771711e-03 -1.002519949955228348e-02 -8.145566524931764640e-03 -1.906389391250322418e-02 -4.637977892748093058e-03 -2.216965767356214936e-02 -2.221904196180586773e-03
4.625304070521093526e-03 7.929908485591538603e-03 5.015758934139741623e-03 3.845063902276985891e-03 8.678649417026637267e-03 9.360619939756897011e-04 -3.227024242386719306e-04 1.042611011981293793e-02 -1.420250284780062450e-03 7.490255923316298768e-03
-2.972597478025582659e-03 5.313495252344041173e-03 1.285708941819834611e-02 3.201426224916785121e-03 4.227877155173754599e-03 6.370829929100649443e-03 7.289055345950905089e-03 -7.006585786917040280e-03 2.288201103471503711e-02 -2.569073427350618277e-03
1.076215960991326430e-02 4.092441350306890747e-03 -3.784515874725378516e-03 -3.906101156307594836e-03 1.234561279833322435e-03 2.938725701160860380e-03 5.429677409426929800e-03 5.905032989896186885e-04 -3.365437954798513459e-03 2.294454611273694664e-04
-3.306096796011986482e-03 -2.070352873304174765e-03 2.417261785043446024e-03 -8.620455828954140531e-03 1.691437916339704481e-03 -3.409003569697753241e-03 -4.414844233485830730e-03 1.763517923284930317e-03 -4.661475461203158990e-03 -8.541365226508466696e-04
-5.529847556948083200e-03 4.158426218527150266e-04 1.738126598642511424e-03 7.893103438425216542e-03 9.655126404445211682e-04 1.197831953915794558e-03 -3.648775635791764657e-03 -6.135808972066024870e-04 5.093127503190519011e-03 4.110746602189475560e-03
4.602385248736237840e-03 1.009455672787164943e-02 8.458988835388786542e-03 7.065264867500921277e-04 6.466752743762987921e-03 3.562097246082316163e-03 6.206828623395231441e-03 5.147090311611495286e-03 1.002583372024778811e-02 3.267434962770542593e-03
-4.181813334304725766e-03 -3.100860560378196525e-03 4.278930033842746547e-03 5.320539939864975076e-06 -6.003820357970093445e-04 1.649368257555109850e-03 1.404087656291560420e-03 -7.318527293999280668e-03 6.354168167000132789e-03 -4.102228619813664233e-03
7.168104423841223198e-03 5.642833440153892594e-05 -7.053979840996297060e-03 -7.144666929098323488e-03 -1.577419869535408726e-04 -1.835398946375498604e-03 -1.473110610788474616e-03 6.395788424934593062e-03 -1.545590131196831682e-02 2.529911400988573648e-03
-1.036629292552861473e-02 -1.888643344360781823e-03 1.923588438507944530e-03 2.116121428507442524e-03 -2.895697523524933068e-03 -3.751927381143039825e-03 -1.197609543270600685e-03 -2.578236225039516345e-03 6.056691027016531705e-03 -3.415745891308057287e-03
8.679417665551733552e-03 7.684974488418509428e-03 5.363323658622762800e-03 5.904195567424498983e-03 5.325317583983017744e-03 7.511202269602795627e-03 7.417985449903066394e-03 1.321616165750175587e-03 7.533922173572610466e-03 5.637711783725384181e-03
6.933215649514502463e-03 -2.785038716944708125e-03 -6.805921494823320489e-04 -1.417757149164341167e-02 2.341063353455621079e-05 -1.241215899257111207e-03 1.611919818812813628e-03 3.650097899517547946e-04 -1.103687453765002553e-02 -4.875454038537582399e-03
1.514733320419629726e-03 8.403199337356249141e-04 -1.305009490860676094e-03 -2.480962646908994656e-04 6.565479840572450065e-05 4.355916209038971829e-04 -2.774260939802578510e-05 1.138349662391992907e-03 -1.657021500198724729e-03 1.210927277163591003e-03
-2.812900685817242420e-04 -2.084971019179620319e-05 6.988083240459162749e-04 6.200235779409149972e-04 1.557574187899514950e-04 6.865767786570084940e-04 1.174996784705807911e-03 -2.403798930631435209e-04 9.089280456783266088e-04 -1.254136479077167627e-04
9.136572435313363837e-04 5.781899065174790327e-04 4.055795457758566789e-04 -8.592243272297209796e-04 3.015588321956826469e-04 -8.835193868731075061e-05 1.876212509754479824e-04 3.521044348655402267e-04 -1.359854204887894649e-04 -1.993481336977120976e-04
1.992041204905944159e-04 -4.675451801189541316e-04 -8.821221882393530823e-04 1.691722819353820898e-04 -4.596426101528350099e-04 -7.246306572466354587e-04 2.161205734535838377e-05 9.066720567073632744e-04 -1.923415481327471303e-03 6.096177682207475556e-04
-3.155508615127617365e-04 -5.110510055311062770e-04 2.370233474475106142e-03 -1.422942557693020844e-03 4.648204125544624465e-04 1.291317057289163590e-03 6.421162950324900594e-04 -1.006936669230126770e-03 1.555952288449172953e-03 -1.549288757203246729e-03
-1.316038541646816055e-04 1.394126270233105730e-03 1.356577211214857865e-04 3.098421595019192412e-03 2.247319223865038333e-04 4.129774403084639786e-04 3.797892430945026495e-04 1.078522389657358841e-03 1.532446015231350277e-03 9.119525180679410306e-04
1.704370328078035849e-03 6.586438070800543611e-04 1.537816896830275851e-03 -5.046359925718612053e-04 1.164775317191137343e-03 1.345449823334982737e-03 1.777201600975455553e-03 -3.192350586250100272e-04 1.061478812928121551e-03 -4.549702718580392975e-04
-1.908327283269778212e-04 -7.789440018851456326e-04 6.815127296272587877e-04 6.490758764524523234e-04 2.281208620208107212e-04 3.813110420988221586e-04 3.972474912649502014e-04 -7.296547899059590463e-04 1.537273926637989238e-03 -3.640416029722566039e-04
1.348737280257065194e-03 -9.087183693828824993e-05 -1.416138986334891528e-03 1.247272164702555204e-03 5.416633073960951854e-04 7.182038123274105460e-05 3.682123096413341431e-04 1.352408531352540999e-03 -1.202337101447089815e-03 1.328978591549280453e-03
4.284614812794558124e-05 4.610603209047349754e-04 -6.946066829352704657e-04 2.733636182059131451e-03 3.680705056517871699e-04 7.979322395963478649e-04 -2.912369540178520776e-04 8.336756133047892002e-04 9.935924129387943072e-05 2.186558319149827564e-03
6.052165678073998835e-03 -1.124381259703830958e-03 -8.479414094346672190e-03 -7.851301056800921588e-04 2.479829626050100017e-03 -4.489415711429208910e-04 4.583306415911997216e-03 2.443530638752194114e-03 -1.024292965384222430e-03 -1.613999765078147179e-03
-7.528003839921157490e-04 9.699237238902213426e-03 -7.086822575105853998e-03 1.978431958754488240e-03 -8.782904040879059918e-03 8.511674664614150496e-03 -5.479925511919669923e-03 -5.771357511492256932e-03 -2.989975459703181522e-03 -2.756210988646545096e-04
-2.906953871990073778e-03 -3.822260461482706716e-03 -7.856516171835870640e-04 7.091732398009385763e-03 -6.741430991149120104e-04 4.373718882809414618e-04 -4.596902119832327153e-03 7.122942426446903993e-03 -7.944804850920441502e-03 9.855628517103219577e-03
1.762022407471737582e-03 -3.840358573186492940e-03 -6.834901558277498880e-03 9.624999084261271973e-03 -8.108697878213888544e-03 -2.243350696590016864e-03 3.167587709032159728e-03 2.787706173119210411e-03 2.062734718462688743e-03 3.959246167604280747e-03
-1.073534400361932269e-02 -3.725405469523280274e-03 -1.411058269308728200e-02 -2.453819375667360379e-03 3.046021860114486030e-03 -3.628884204772353777e-03 1.051748520869242622e-03 4.966922243963243187e-03 -2.188495214587464922e-03 1.247039690491778645e-02
6.383033000947462357e-03 1.210483393550000359e-03 2.433361068209192405e-03 1.511958853536256525e-03 6.364128516524682547e-03 4.387991532125227719e-04 2.199153766410561015e-03 -3.667558265041936331e-03 3.014719573289306558e-03 -1.890997475319055113e-03
5.622214635053275102e-03 1.818725658757072965e-03 4.185772269217209220e-03 -4.526642655517200409e-03 -4.277330342244134703e-04 1.182691527476010043e-02 2.172175160086083859e-03 -4.309218555728104236e-03 -1.117440809099321669e-02 -1.172766773737567722e-03
5.038362308595863495e-03 6.396258690949143538e-03 -1.122004278314690101e-02 -4.858216564609936332e-03 8.673555478931364512e-03 -5.467879917822888146e-03 -1.537987005519639815e-02 -2.780110685919769467e-03 -4.272730874426641963e-03 -3.602001998185986199e-03
-7.092212043297595192e-03 9.077110008707939964e-03 3.386981907212689366e-03 5.159883902396887774e-03 -4.235157346182190363e-03 9.637590556117551013e-03 6.326396859394102512e-04 7.538380731101701655e-03 7.470344887864630197e-03 1.062033651889826222e-02
-8.607998065049001727e-04 -8.030381644676419517e-03 2.483946459041887732e-03 -5.434595752435825849e-03 -6.901076852627666298e-03 -5.902108561709171024e-03 -6.850068925448244903e-03 6.262435817381868794e-04 -6.556215502392778206e-03 -4.340485277279517752e-03
-7.270132708703571636e-04 7.889358237426799102e-04 -3.538545793480456290e-04 -4.194369364878060584e-04 -4.825730740133438775e-04 -2.855349832438856101e-04 6.309323710661367572e-04 5.748979439972940657e-04 1.005758458214242633e-03 -1.071880193073705126e-03
-1.202382528361702150e-03 3.140413908295581536e-04 -6.873066850586401818e-04 -4.629523121000405088e-04 -1.962187098157518953e-04 3.006823718119632492e-04 2.161532461605271245e-05 6.461724045159672513e-04 7.335970656204684808e-04 -1.211653168305590854e-03
-6.910628152764351122e-04 1.018849141128727901e-03 -2.292938069023977242e-04 -3.651932497627193345e-04 -2.834363161611180935e-04 9.924016526425490271e-06 4.678261794004383149e-04 9.306056029381384745e-04 8.556002241980118070e-04 -3.498650906949962031e-04
-7.973540493929590252e-04 7.912894526359023168e-04 -3.643225561702163667e-04 -4.311555701893989121e-04 -2.557322893602551007e-04 -1.159888773648557901e-04 5.863234780970162175e-04 7.146232049076566570e-04 7.898735176635853557e-04 -5.883126537619484545e-04
-6.425267288215299631e-04 1.005094818992074458e-03 -3.845041108308475141e-04 -2.648340020156529227e-04 -2.945384712152832691e-04 -6.306012617003867323e-05 5.861090542073675667e-04 1.026452252732473584e-03 8.932918446076745398e-04 -4.491894135673027573e-04
-7.877000234249928587e-04 7.210509321958065388e-04 -3.647480322758753029e-04 3.794199811458321776e-06 -2.262230753248247592e-05 -6.860292964524955820e-04 7.244034935173940346e-04 1.013253671605415145e-03 9.643599659039464806e-04 -4.594236966354894023e-04
-3.494666674270704705e-04 9.534324828996988948e-04 -3.959834319654885319e-04 -5.527331027320351404e-04 -1.072529928073363186e-03 -6.780524220150220007e-05 6.940913033202946955e-05 8.105378441415513188e-04 8.973171519577951031e-04 -5.340299143865788164e-04
-5.435721099764221536e-04 8.599331860269305216e-04 1.231603567360344367e-04 -6.819460638102764049e-04 -1.548946715862524958e-04 -4.145512534267919037e-04 3.518438811868742407e-04 6.959794585525659258e-04 1.097997297348135776e-03 -9.333537534540125528e-04
-8.545954102084831611e-04 1.084355005766590935e-03 -2.693207975214786834e-04 -2.488070175311865497e-04 -1.373939469187850829e-05 -1.015248941418601475e-04 1.411674918870026044e-04 9.441718927944839010e-04 7.217290038956679149e-04 -2.429284298473942535e-04
-8.109841590317004058e-04 8.304134103906590705e-04 -3.906980605189645469e-04 -2.838336041027526217e-04 -3.728235758891928239e-04 -1.617867232926256346e-04 4.085872215641028087e-04 8.542381642738927769e-04 8.707472445847501885e-04 -5.185973335787484812e-04
7.866455241089485026e-04 8.492290398162493205e-04 4.489227060778209219e-04 1.124616614456322101e-05 8.443578355043283813e-04 2.809195683687048823e-04 3.907219993973474461e-04 4.978360724944065098e-04 4.686788920057022539e-04 7.549109496546434640e-04
6.685976732110867531e-05 5.114259078052694639e-04 6.844768118508763989e-04 5.643913809708134060e-04 1.682712260678491758e-04 6.482115864188332972e-04 7.984246299295665690e-04 5.796076367068395910e-04 5.149931957226370387e-04 4.847305105612637879e-04
7.852596168503667498e-04 7.232573720212893617e-04 4.100030421008042723e-04 3.356613618582194518e-04 8.574536995638604988e-04 3.286819072064283537e-04 3.717460120763791775e-04 7.278946444337505923e-04 6.054944063860847638e-04 2.835611987057152844e-04
2.693281574638955404e-04 4.494671512537942639e-04 5.006348442914833156e-04 5.796468481058566612e-04 9.050779179949078540e-04 4.965284935125164299e-04 2.457998542997429222e-04 4.757071506108975371e-05 8.746462202139816807e-04 8.670569211160813593e-04
3.018303711479015309e-04 8.732343239569199597e-04 2.063484079998368205e-04 3.771741603780253988e-04 6.379762634511701187e-04 1.329175543159139857e-05 5.918403485558570813e-04 6.802831323432259559e-04 3.374071295123243848e-04 4.455879335025055487e-04
5.455159836466010178e-04 7.668329560882610309e-04 9.825191920524886885e-05 6.854128665808332859e-04 2.350672838832956323e-04 3.015190954357665869e-04 7.280285293514314254e-04 4.734624086147685550e-04 1.472804929498428234e-04 7.915701669820834462e-04
2.327330914417125691e-04 3.619082056587271138e-04 3.383742211493148316e-06 8.294725660798750759e-04 5.507804403474185310e-04 8.864847100784219430e-04 1.308994593059813183e-04 2.015722460200988927e-04 6.993928484852790679e-04 3.070990371899623948e-04
8.020758351553223609e-04 7.052591182104664446e-04 1.417599537886042040e-04 4.469639118558396793e-04 7.002852816688591702e-04 3.074960314220213280e-04 2.970797986682539339e-04 8.112450236289946376e-04 2.099400310311747941e-04 5.308098728413731052e-04
9.094079223142833126e-04 1.056552019702859858e-04 6.675391431114178781e-04 5.836312387518720422e-04 8.397198259980019315e-04 1.685693232910316457e-04 1.734281636053012024e-04 3.219276176364609739e-04 3.673684149861000865e-04 2.260237597884345612e-04
2.431303689218639085e-04 6.117385299317410841e-04 3.494279193113962413e-04 6.250687821237971504e-04 4.245972175505400019e-04 8.116999749861528298e-04 4.258510707133168066e-04 1.651079303523706398e-04 1.852146323769306182e-05 6.526268943149976087e-04
7.319038428394463065e-03 2.780746914663833128e-03 2.384100605676561097e-03 -5.348614852813077768e-03 2.015208007551501194e-03 3.476327826202626689e-03 6.718268451859277755e-03 -2.470858246017331762e-03 2.703568629797264630e-03 -2.429818831067795566e-03
9.625010485758008286e-03 5.034125970086312032e-03 2.948891671146835515e-03 -7.360099223121143244e-03 3.508681922780401610e-03 1.837944901161827444e-03 7.999395652402721546e-03 1.129898325250238474e-03 -9.938587227798235924e-05 -2.342027829301069654e-03
-3.295313542970129597e-03 -6.571099850578163842e-03 -1.104397355256187506e-02 6.557629910325141372e-03 -4.238858681435192857e-03 -5.199426144846817748e-03 -1.006994134803090510e-02 5.873521867025328740e-03 -1.498049120727740560e-02 5.300430239293121848e-03
1.106298033978666759e-02 -1.113083830341432068e-03 -3.857426652117713732e-03 -2.169121261117305278e-03 2.723701100088584911e-04 8.458313412989279349e-04 5.510967092100571389e-03 1.471282979417089503e-03 -8.478339090594054495e-03 -1.877098790879873531e-03
1.077613354020577716e-04 -2.096189183013814645e-03 4.359250086377841572e-04 -2.380332537501275887e-03 5.527872746771791187e-04 1.044412176430488696e-03 -1.917703413413552726e-03 2.393850656151186166e-04 -2.146913194931510463e-03 9.030271743350233452e-04
4.515330371739952205e-04 -2.689496542672306818e-03 -2.695963736088785416e-03 -5.464961381053250536e-03 2.095140059242881544e-03 -2.169498982551193358e-03 -8.602516891216129696e-03 5.980123894184215770e-03 -1.323020089649658629e-02 4.719993190560387367e-03
2.415357794223155045e-03 9.124117344119171691e-03 5.499217588665484668e-04 4.722004220749866435e-03 3.755011244989626615e-03 3.495595042978928788e-03 -1.370528201488090949e-03 6.591371561620343496e-03 3.954153055407108770e-03 1.088137106392160491e-02
1.363330016329350122e-02 1.190688607453974437e-02 1.108280958551599756e-03 -1.457556880611057858e-03 3.910169110219841732e-03 4.131439179837361787e-03 1.218329527424732127e-02 2.670247378900807156e-03 7.219826798562259222e-03 4.762523738785361832e-04
1.159063221247937266e-02 1.631693517915955923e-04 1.486214593948506938e-03 -1.439993294697532698e-02 2.605736700389812543e-03 2.602669253865738056e-03 7.191211853559456059e-03 -1.325347401550333289e-03 -6.028881372107592826e-03 -5.351359544754422104e-03
3.644440579360819395e-03 -3.276682124104148778e-03 -1.869934236745961285e-04 -1.250575583811183028e-02 5.848229294570616958e-04 -1.668928493883354647e-03 5.145175555728218313e-04 -1.758540523887025617e-03 -8.590501613639649897e-03 -5.695877337006315447e-03
3.520097848826842825e-03 1.880529288340825967e-03 -3.467735593878026618e-03 3.289841383137966178e-03 5.091370394558166531e-04 2.852008990303992191e-04 4.744854611029841046e-04 3.932518766726768311e-03 -3.439927554250086974e-03 3.465743247379063276e-03
2.257036080045126802e-03 2.195373175372286167e-03 -2.955240817038137270e-03 3.102586749234890768e-03 1.023051217622660642e-03 -3.487290633860076256e-06 -1.296367569261179520e-03 3.956390578447021786e-03 -2.876830915701412625e-03 4.138663341776436903e-03
9.890665092459919802e-04 1.653119208662178884e-03 -1.310608329207305512e-03 2.741656544922532746e-03 7.370910587114589199e-04 6.499896013800171958e-04 -8.082271567684986939e-04 2.157014238201484645e-03 -4.669493038248031299e-04 3.185172711394331467e-03
2.256865826610453957e-03 -1.154744212495796432e-03 -1.611137015267715593e-03 -8.392902672973147305e-04 1.293415913210412254e-04 -4.954036478287025206e-04 -2.652631159045087668e-04 8.184863957650932199e-04 -4.147898502778388057e-03 7.787004595126226225e-04
1.330846388574699656e-03 1.561446372823751660e-03 -7.300271924150510778e-04 2.283347132693564277e-03 7.741335060109026493e-04 -1.016513138055717984e-04 -1.318503789755451523e-04 2.733194340487197019e-03 -1.259605423452915757e-03 3.125783370884753932e-03
-2.155335947172576025e-03 1.558253914237119498e-03 3.697368894853292625e-04 2.813101379394152522e-03 -7.088381736263247082e-05 4.825108698531331672e-05 -9.406221417317338601e-05 4.582185512466752423e-04 2.989963878312206381e-03 2.240501199243450509e-03
1.873842998014647616e-03 1.761152339865878482e-03 -7.328423301534501937e-04 6.048944640835087361e-04 6.806472566280388509e-04 1.878907667082464978e-04 -1.076081778730956373e-04 2.303396064819794153e-03 -1.350911824985547103e-03 2.165988588144297788e-03
1.389303694305561764e-03 1.701099261251292488e-03 1.422165545249115797e-04 1.996423020518378871e-03 8.452707105232978206e-04 4.319557251029000123e-04 1.354401702879075124e-03 1.193741882767890804e-03 1.688509760162024620e-03 1.341283940793095743e-03
2.481096358213945828e-03 1.128031633639175460e-03 -2.308274137072977884e-03 2.599347004197912533e-03 1.512918365097464662e-04 -2.960347546787029174e-04 -1.446123004621292069e-04 3.224695172552743874e-03 -2.486841135789443109e-03 3.110660286866973219e-03
3.545896959866232708e-03 2.030625397383392563e-03 -1.742613026684075367e-03 2.612592268950000244e-03 8.241814552606018971e-04 1.223590555798847145e-03 -2.322200194287550620e-05 4.054733392250331643e-03 -2.734295264080794426e-03 4.195201406891677434e-03
1.946152911253198588e-03 -2.193099569566289806e-04 3.340101501457395407e-03 -7.657971894101718406e-03 2.931240199118339759e-04 1.093895567427089583e-03 4.038955465617393922e-03 -4.682056790257908135e-03 1.897447355199231378e-03 -5.268273712430790977e-03
1.976884369319753965e-03 2.159302259115166919e-03 3.904051213654283897e-03 -1.382232128107736607e-03 1.870770493443916051e-03 2.672380818664541347e-03 5.292341546591014523e-03 -2.080988976135702412e-03 6.259217571549057293e-03 -1.651220283818309034e-03
4.487070526702025214e-04 3.110258271216358151e-04 1.121800646201439661e-04 -2.718409799976262507e-03 -4.431795731711763537e-04 4.522186394043015861e-04 1.165936607277428877e-03 -1.668155743243540439e-03 4.226741240569043966e-04 -8.039885547391849817e-04
1.374945917276350175e-03 1.327411819167559001e-03 5.115117479019980554e-03 -5.932619512874295203e-03 2.005288270563752428e-03 1.510438846109144351e-03 4.400191158999565595e-03 -1.160326515717630428e-03 4.549564423933537445e-03 -4.066801396210663333e-03
-1.735259647317656789e-03 2.476402789427726257e-03 4.184353691076675950e-03 2.262068103076751453e-03 1.388734300338926664e-03 1.319058539990634361e-03 4.899903097782620049e-04 5.379779551809510743e-04 6.747652513076248838e-03 1.257179763664850302e-03
-3.526994508244238238e-03 -2.902749380586336792e-03 1.728439941867261935e-03 2.279369016656364970e-05 -9.489160727033296369e-04 9.197914501316882606e-05 -1.416430850762772720e-03 -1.531178883435073803e-03 2.898607450948448584e-05 -1.927299096984706230e-03
6.792069777775495455e-03 1.493488089428299899e-03 2.663100402922283921e-03 -8.238082835017394509e-03 2.376211149484493829e-03 2.473110824376786171e-03 5.509448737902647962e-03 -7.731641607373008693e-04 1.326878964219328706e-04 -3.580038966270467082e-03
-6.879881468370612277e-03 -3.160766454074363796e-03 5.623324784652333416e-03 -4.747137706409118932e-03 -1.507739861197506773e-04 -2.637609449603917099e-04 -1.917205629915695077e-03 -4.677392133978866030e-03 4.112668111297342749e-03 -4.131308393363569351e-03
3.396099218878987063e-03 2.094315130282994267e-03 2.921376304179130502e-03 1.721746351947323192e-03 1.869131462605827130e-03 2.709960847895312528e-03 4.876191620546930887e-03 5.486915255533390432e-04 4.420612453593786642e-03 3.198538165816993827e-05
1.793288353754170866e-06 1.170466374204973863e-03 3.936929256115516418e-03 -5.417987403107531706e-03 1.930000479614312533e-03 9.534630496270340245e-04 1.683715026301055859e-03 -1.808642909373675816e-03 4.078665915569624871e-03 -2.297142513967405375e-03
2.804097334178138473e-03 3.121858802664183741e-03 4.791311792398764147e-03 9.885552501560685053e-04 2.787366144091010713e-03 3.259859100854912897e-03 5.596240836962914494e-03 -1.844231948046745921e-03 8.146880189299477576e-03 -3.918002245236283502e-04
3.525342009800434655e-03 3.569837332942150162e-03 3.880569170458121955e-03 9.867883894286418392e-04 2.309265092740762568e-03 3.226098419482464116e-03 5.480839379717782761e-03 -3.481497471218255235e-04 6.023333883649202927e-03 7.186553138499948480e-06
2.971621260281493218e-03 3.247141374141269878e-03 4.249173942155314888e-03 1.014552788776517354e-03 2.507960692234954304e-03 3.376530696770554431e-03 5.501839961243796921e-03 -1.935666173645513065e-03 8.095445052372340564e-03 -1.222580919708398002e-03
4.415045783824899338e-03 4.863945547232226274e-03 4.023904035536807026e-03 3.404088212734393461e-03 2.949211902945086949e-03 3.613220873007746275e-03 6.955963956318986577e-03 2.926396198073669174e-04 7.754017646802571773e-03 1.348028067081114782e-03
4.735775179961059303e-03 4.045925008013621579e-03 2.911112722161659453e-03 2.655737116206556558e-03 3.091650969302873250e-03 3.168056904967382105e-03 5.898773124829758026e-03 1.111257300510611800e-04 5.644056144660104801e-03 1.060506590855518714e-03
4.464463040575831002e-03 3.443703990760433112e-03 2.651664737794508838e-03 1.833548428794691760e-03 2.507010173969834686e-03 3.403037625887124495e-03 5.047078947361800967e-03 1.811524603740399320e-04 5.307285277334769860e-03 2.155627037902591784e-04
3.789382642105994670e-03 3.790887467450990839e-03 3.567958039760143509e-03 1.353595954320739592e-03 2.855953067217496377e-03 3.334910024566284728e-03 5.491350131164248610e-03 -6.732183760229171806e-04 6.705398537800275234e-03 -1.317458096537959392e-05
3.299734126214524423e-03 3.982842132004781564e-03 4.488103944484903712e-03 1.506796541067946657e-03 2.393634715111198508e-03 3.198482000295449316e-03 5.842612109361513401e-03 -7.111202892075681398e-04 7.564176859285539137e-03 -3.203768329460609577e-04
4.047926232636298548e-03 3.556868462070693696e-03 3.279938743086497754e-03 1.414124494877422788e-03 2.595560830272368013e-03 2.862136648291384484e-03 5.697874382265570234e-03 4.659314944463683380e-05 5.778754648090098610e-03 6.774105385661911361e-04
3.283623428487945483e-03 3.821462905601995166e-03 3.799209562700098328e-03 1.713761032849543458e-03 2.506540331864423338e-03 3.076742240994473875e-03 5.352598150117066425e-03 -1.137092823209933951e-03 6.897693350380937685e-03 3.910628362992955658e-04
1.297756530111970983e-03 1.864165544177152000e-03 3.519763435347705340e-03 2.999731055438845193e-03 1.429423048713253245e-03 2.347847789805495005e-03 4.119060082120308726e-03 -1.533394089749257711e-03 6.750779150305212875e-03 -5.511712166515363772e-04
2.737419764211318084e-04 1.082174248154768852e-03 3.685051303213710168e-03 2.522870814358222757e-03 8.961259270159945695e-04 2.569938080663029117e-03 4.289085864978042090e-03 -3.180329447582065563e-03 7.027219426308472378e-03 -1.704661716692775549e-03
-6.421370636334642560e-04 2.047938469404732981e-03 3.047173624735896938e-03 5.202111873052053977e-03 1.261083058111423525e-04 1.998180214448773417e-03 3.601470039898978931e-03 -2.657373047556043939e-03 7.845579702788079562e-03 -1.909015610595349798e-04
1.317187768957677526e-03 1.625710475652283882e-03 3.982215946430270846e-03 2.022447942923610202e-04 8.990654361384523919e-04 2.208979905880921728e-03 4.642598870373745683e-03 -2.172651956139138186e-03 5.594466017430251015e-03 -2.251673713264857810e-03
9.238276044965233703e-04 1.332710532952791028e-03 3.824665612677726791e-03 1.746585969854095189e-03 1.343038788436435888e-03 2.321670580282278462e-03 3.966877459151848216e-03 -2.514006913622682769e-03 5.973131448514706725e-03 -1.260342945396137043e-03
1.254207489721297607e-03 1.461493249594302815e-03 3.437002782346734904e-03 5.439958811097247039e-04 1.580914127248572460e-03 2.646573174819106394e-03 4.821784649075491237e-03 -2.330856331635898938e-03 5.762447822851867775e-03 -1.553496650706183728e-03
1.598495775265655183e-03 1.218020490099440628e-03 3.687172715169821213e-03 1.060807950913678077e-03 1.500252433216305806e-03 1.876903541051985844e-03 4.438951355624003343e-03 -2.136266582212627014e-03 6.341828764535483408e-03 -1.099850889109081371e-03
1.524391867678772522e-03 1.665207418010627560e-03 4.256468386784623657e-03 2.769132730694706234e-04 1.084428919247549953e-03 2.224013296963152364e-03 4.664592585177388707e-03 -2.948117411925831651e-03 6.307783378573414770e-03 -1.968753820408284012e-03
1.621052368943793048e-03 1.283233805692044925e-03 4.728901840323811168e-03 -5.133874530007801395e-04 1.671614184539202148e-03 2.702017976322038106e-03 5.628535182713414325e-03 -3.159258437916637706e-03 6.773995415312541839e-03 -2.892954444724862070e-03
8.173334083491861192e-04 2.219157339844582411e-03 2.415467490946613359e-03 4.705581726935087993e-03 9.323540297668402900e-04 2.012813582806534385e-03 3.888597139075784890e-03 -1.412280217773708270e-03 6.083335485898901454e-03 4.999419151919858376e-04
3.068294904332015578e-03 2.674020207436407937e-03 2.967759744175900959e-03 9.529686837943409207e-04 1.976584463592466478e-03 3.169519027089211065e-03 5.731568012689684626e-03 -6.935890904669700591e-04 6.359446557524859982e-03 -1.062877356421191005e-03
3.428431501732803321e-03 2.189109555025612556e-03 1.210640780913847933e-03 -1.225319268427553943e-03 1.589921920076150900e-03 2.337959774555798537e-03 3.475349532554259779e-03 2.594103648398723549e-04 1.851986382753900966e-03 4.340807451043842162e-04
3.942955879382403425e-03 3.387826993073923040e-03 1.983123014809384018e-03 6.845214497649314625e-04 2.134080473848208939e-03 2.821914852296228404e-03 4.942990594508643240e-03 1.082880911591871196e-05 4.913881578822964537e-03 3.293174143318589747e-05
4.583425224141968353e-03 2.848743313766550003e-03 1.630235585688558043e-03 -2.167137098455694522e-03 1.761683558642029770e-03 2.224902106639862695e-03 3.599533796685331667e-03 5.270408809494259790e-05 1.459998840202798073e-03 6.623396956037397179e-04
5.468533302351323913e-03 3.568790337956699154e-03 3.320767598554117371e-03 -1.729434059754319727e-03 2.168218535264292927e-03 2.910300004370387945e-03 6.120556604618240110e-03 -8.778463776184298496e-04 4.357944376083298932e-03 -1.390959090970710554e-03
5.218880467816779632e-03 3.430742351709680990e-03 1.469673649433882873e-03 -2.187190885922554815e-03 2.189090436331464756e-03 2.677300160124069899e-03 5.280601979288312986e-03 -7.138176565881412783e-05 2.202724468428271520e-03 -3.681862191405022955e-04
3.413273771943316649e-03 3.256875601548121866e-03 2.147755590678120021e-03 2.649435407012805301e-04 1.993485907797591140e-03 2.276075671943672812e-03 3.575475478903931102e-03 -5.034605578591111810e-04 3.615207994101039390e-03 1.806739995309399795e-05
3.716853717608193785e-03 2.408659254196356299e-03 6.915860283678665430e-04 4.716592799510456132e-04 1.493730192767977766e-03 1.568809424473899174e-03 2.855089119162919006e-03 1.273184415754199635e-03 9.866912335350962529e-04 1.372855669418827093e-03
4.216094674607126329e-03 4.008611034958144484e-03 1.788955050416071984e-03 5.238719108711945233e-04 2.136200179458809349e-03 2.612864695475728121e-03 4.513927207649485324e-03 6.829893263514626211e-04 4.258504161037317791e-03 9.386632485006131616e-04
6.124896619712498665e-03 2.762606103278494613e-03 2.102972307932444128e-03 -3.409469516430673006e-03 2.657192178202530484e-03 2.508743807720579568e-03 4.350496513210324635e-03 5.617112635798412242e-04 1.417948793313090388e-03 -4.746845240691907239e-04
1.167849412113186429e-02 2.031588321087368643e-02 -1.054723697769947323e-02 8.114931265733340421e-03 3.135296230148524460e-03 3.646579823099287132e-03 -2.132173027705515790e-04 1.203515715776920167e-02 -2.254169143886843724e-03 2.183030912937165141e-02
1.984179799879629003e-02 1.029361474243263228e-02 -3.730637620185252735e-03 7.894815188310451773e-03 8.070695686058951962e-03 2.591591505592553794e-03 4.539676546513725201e-03 1.489325033660661435e-02 -8.275956016185578162e-03 1.381941496242989655e-02
1.522898654903246394e-03 1.666310780572887937e-02 -2.056913210408881348e-03 3.641788453929642455e-02 8.413675064062892811e-03 9.205711132892735113e-03 -1.014449747967704867e-02 1.721036557613521770e-02 1.227423347965918288e-02 3.488786279565077308e-02
-4.152995361408832152e-03 -1.783397639751541086e-02 -1.405429133766868599e-03 -3.464132383268742066e-02 1.383372677071504232e-03 -1.435640940535769889e-03 -2.051972078356899959e-02 7.623861408978729361e-03 -3.482114601007904597e-02 -4.049418021003560811e-03
9.321856178752207372e-03 3.104623961426649053e-04 -1.945269525839523825e-02 1.371668287123713886e-02 -2.584280008022695786e-03 -1.351634585742640844e-02 -6.152980299449581185e-03 2.392318036099932987e-02 -2.698619239896719174e-02 1.091375099005753579e-02
1.080159361207641382e-02 7.354565882881658814e-03 -1.073953039727152227e-03 8.243664092784149661e-03 2.689159130877979021e-03 -8.639103026102502945e-04 8.821397409444731511e-03 1.639455457527901061e-02 -2.900143495306321990e-04 2.415040786231160714e-03
2.895711732234837032e-03 1.746451933014385102e-02 2.054320249549545715e-02 -3.536401381877413586e-03 1.233428864635003654e-02 1.206491025349467391e-03 1.512603431942368369e-02 6.829317709305886275e-03 2.940607299921714143e-02 1.494737458547453586e-03
-2.667407241157117824e-03 1.167410641006948711e-02 1.617557179012409432e-02 -1.622161362790143502e-02 1.050328475147729868e-02 8.228880471434839999e-03 1.231027749011044529e-04 -2.346402103014445534e-03 1.439090162640130864e-02 4.068778194915802573e-03
-2.717065321011063669e-02 -1.711483581712445329e-02 -2.626756991398284183e-02 4.362705654848696157e-02 -1.679142025142926070e-02 -9.947029803576127108e-03 -3.344329515018890780e-02 5.994287826574779161e-03 -2.121139866816484920e-02 2.069977261671612084e-02
7.935852478079714889e-03 6.462998533908382096e-03 -1.707066058613457976e-03 2.266817366486866686e-02 6.875500313436715485e-03 2.220661293124734630e-03 -1.471172622823391143e-03 1.168516254665743180e-02 -4.288769767470832113e-03 1.463037043204424778e-02
-1.464823448510479433e-04 -2.604082557996835229e-04 9.868728740731527987e-04 3.282983222021637463e-04 2.125126717030348476e-03 3.127454389389466198e-04 -3.608313429527026505e-03 2.269497452472007439e-03 -2.264494370428938100e-03 3.221100653923632002e-03
2.051003481047088475e-02 9.509466309779135776e-03 -8.493765027814461147e-03 -7.641291056969689958e-03 3.490493859452806560e-03 1.544798843276921603e-03 6.696906112265861404e-03 7.967461769335441174e-03 -1.140135881916570261e-02 3.721237085499299116e-03
4.094730991778755894e-03 2.069057490244993920e-03 -1.271069634616337624e-02 9.470050980272527036e-03 -5.330521225037961747e-04 -4.397484882057136647e-03 -7.371375580910860537e-03 1.290629638673498024e-02 -1.602674699483390766e-02 1.212491775243887751e-02
1.277611005061870088e-03 -1.985010863485131213e-03 -9.274505793638710902e-03 -4.844455335261434723e-04 -2.957113289074626687e-04 -1.692462755179385218e-03 -1.077342083797373264e-02 8.266164838861373917e-03 -1.829856922013698567e-02 9.475194608538069913e-03
4.336387018249765121e-03 3.021479797987287452e-03 3.618835465559070395e-03 -1.744518719306682166e-03 1.160622425525019343e-03 1.612707119415754094e-03 8.182904261587232303e-03 -2.259520924322957255e-03 4.498002948582513830e-03 -5.164632904837820719e-03
-1.128566829649925787e-02 1.850408602835284296e-03 2.427506192895141548e-03 1.257959719611661913e-02 -4.434620963300865302e-04 2.258865292397680975e-04 -4.861847349767906348e-03 2.082839776221478111e-03 8.017311353275336991e-03 6.250323298084627631e-03
6.621771326047292934e-04 -6.555035486381531259e-03 -1.695780204155681800e-02 1.053729578996899507e-02 -5.793791359377526394e-03 -4.639189904185290168e-03 -1.028589221568673544e-02 8.128382580458476392e-03 -2.108937862959530535e-02 9.220424641213651254e-03
3.502134264570199145e-03 7.618181635102009089e-03 4.763226771739311957e-03 2.524412253334878866e-03 3.375735995746358131e-03 3.481534223199103401e-03 7.170898634350532375e-03 1.833744418779027080e-03 1.025884536890846188e-02 2.335407984557415044e-03
1.671957047615189526e-02 1.208555084032145524e-02 -1.244455945947128307e-02 1.032261853716663451e-02 3.791122247291361502e-03 1.366379410442757937e-03 3.086136067806447805e-04 1.948568816561655967e-02 -1.373758688351906995e-02 1.749633941255924682e-02
3.259583650193482746e-03 6.709547151686994296e-03 -2.676461514778565899e-03 9.070767009990942514e-03 2.249389533705276664e-03 1.450186562640959440e-03 -1.307601790020847601e-03 8.733294172007667611e-03 5.677002827611677543e-04 1.110110074223456637e-02
1.062574423428792132e-04 2.177792676117935953e-03 9.295886368086532991e-04 -7.988804992491612127e-05 2.137313342029439119e-03 1.158870058628661817e-03 -1.319536761637274359e-03 2.996993062263229174e-03 9.108659301192785409e-04 3.277251167616429973e-03
1.299321648573370774e-03 -2.132294205626001542e-04 5.924299284747363469e-05 2.590080471577993482e-03 -1.337220021145671220e-05 1.818969833607157131e-05 3.820656158163874216e-04 8.235576496218722890e-04 -8.148324088105184581e-04 6.647135933051400878e-04
2.524725966958569004e-03 5.091540318792465818e-03 1.561048999679805725e-03 2.115193325898897300e-03 2.381737569133900688e-03 2.705331143006921464e-03 2.219396837614620241e-03 2.229790987758400837e-03 4.397127416383712038e-03 4.128960718688531525e-03
-4.451923850766919578e-03 -4.221717623625668298e-03 3.620762395330024493e-04 3.751144775502103599e-03 -1.869803345068222220e-03 -7.748639485790670585e-04 -2.181629362214998046e-03 -1.730739970625401036e-03 -4.017449979726124207e-04 -6.585745229668734605e-04
2.516112123332612822e-03 1.127522868867269308e-03 -3.183316282682686123e-04 -5.478480311944613785e-04 6.884425690445564227e-04 -1.190941184489461625e-04 1.924132429862541668e-03 1.194666957469099709e-03 -2.988295044654233948e-04 5.162430267607482368e-04
-3.596581552318842633e-04 2.832782595215735909e-03 1.526764812933562596e-03 3.155731686048354571e-03 1.335415629031539700e-03 5.457442505630594751e-04 -4.096901526577245039e-04 2.288153399448812370e-03 3.568931661528950122e-03 3.187124870796194213e-03
2.879011822407049042e-03 4.065675318282681826e-03 -9.620871318756645018e-04 1.058839748834384913e-03 1.503080608323819223e-03 -8.631073511245719923e-05 4.241322068159329478e-04 3.984195233545275404e-03 -4.405822364590605204e-04 4.041558253864532477e-03
2.703451335277821618e-04 1.001939479571474082e-05 -1.450101857565408089e-03 2.409339649503233673e-03 7.491176814623461784e-04 2.015913646143471392e-04 -1.919571143921888420e-03 3.372472769646133340e-03 -2.497468332004697256e-03 3.411492160428478571e-03
1.153076002333177546e-03 1.076747121693362116e-04 3.669380959342855562e-04 2.183923517749995161e-03 4.215595125796668696e-04 4.053803003577745117e-04 2.315827797105622350e-04 1.034129067146343124e-03 5.087053636455968458e-04 7.709821646922576871e-04
3.464370052599986035e-03 -2.252296042445505484e-04 -5.792638487286109377e-04 -1.123009285711912145e-03 -9.063562013282805245e-04 6.085551955423457605e-04 3.935175561733182496e-03 -1.997829998626635822e-03 -4.853550067920969183e-04 -3.225895671505738058e-03
-1.873163763400659699e-04 -2.226988819126033987e-03 -1.687014830579841368e-03 -1.147296027562726747e-03 -5.088923142176365622e-05 -1.414275232483616120e-03 -1.222994384439822025e-03 1.108257221002322641e-03 -4.337766166984276077e-03 1.257265935837403262e-03
-1.098927775539380522e-03 5.522964079508369288e-04 8.252175169639100992e-04 3.488438620247364167e-04 4.441898288698233619e-04 -1.078948521663603994e-05 -4.692508276074477237e-05 -7.235654765179921812e-05 1.816700696094970162e-03 7.451430406243633340e-04
2.226489876384336690e-04 -1.465197997889257451e-03 5.007734818531096432e-04 -1.343193895955083683e-03 1.375003136806371646e-04 -1.740877184439512757e-03 -2.684212999964733469e-03 -8.540767294416357286e-05 -3.715563017814568682e-03 9.071303862322893392e-05
1.000048323971126907e-04 5.152883957597580037e-04 5.628593854479316825e-04 -2.349919135194504256e-03 8.264318331101301205e-04 -1.055541000991624652e-04 -2.031071223297787991e-03 -2.530658176156638838e-04 -8.982732409510142376e-04 -1.379557029068225534e-04
-7.464683796323946623e-04 -5.952582257383465117e-04 1.457279722000095904e-03 -1.460482433776149583e-04 6.179525479026416138e-04 1.078784366751896190e-04 -6.379700570304033683e-04 -1.210349958446118446e-04 1.187512545783872466e-03 2.138375891940078792e-04
2.372857849150481889e-04 -1.558463034380794601e-03 3.226052377680930887e-04 -1.415638284090746900e-03 -2.815798400173499046e-04 -1.126513515346576604e-03 -1.559722406281402766e-03 7.767987399983309347e-04 -2.240219428367005387e-03 -5.931505370414897000e-04
1.667550147859317411e-05 -9.879512929567360602e-04 -2.230877731146717693e-04 -1.605116918507753544e-03 -5.748147842502738554e-05 -1.338161758074255317e-03 -2.571810818342231981e-04 6.494354722878692594e-04 -1.919664529631521762e-03 -1.908598310587117125e-04
-2.282785317864448587e-03 1.683852354322610753e-03 2.540144190985567027e-03 1.299794463752213880e-03 3.579687019278555331e-04 5.774824865517377403e-04 3.248168259641130923e-04 -1.294267316870350909e-03 4.075520750493055733e-03 -1.663748573707225710e-04
4.633511389529833182e-04 -2.033688278386205223e-03 -2.535528127838586939e-03 -2.832802402855581509e-03 -3.636826716384461314e-04 -1.206431029264017855e-03 -2.396555965196595691e-03 1.502997019754129162e-03 -5.037653093006760723e-03 3.183005863785854294e-04
-2.706157005520741250e-03 3.131879146722426482e-03 4.994917034184268023e-03 1.542698025378025969e-03 1.528794769069689212e-03 1.789004087239122682e-03 2.309510709657452022e-03 -1.800204897835671388e-03 9.221205475177221902e-03 -7.109547396651288119e-04
-1.684822439953227635e-05 -1.222050330154426337e-04 -1.086874156193787765e-03 1.788940825498718142e-03 2.525107611281326406e-04 -1.348547712624023880e-03 -1.776741367738987132e-03 3.472772259198760383e-03 -2.717629185462574603e-03 1.997298844189259945e-03
-1.841098988763355477e-03 -1.446512942103084676e-04 2.220276858878090370e-03 6.588338790079334699e-05 5.897231011040134042e-04 -4.084609719006497791e-04 -5.498794042082271767e-05 8.658339324850280658e-05 2.759752051846976664e-03 -6.566496857129687547e-04
-9.840028819114586718e-04 -1.975465941621658609e-04 8.270820203603898406e-04 6.433331190349944823e-04 4.325350561457901705e-04 -8.240374203692757502e-04 -7.900691161439954771e-04 1.434789761743394607e-03 3.952787194866007694e-04 4.595662015818621077e-04
-5.258910546153106567e-04 -2.660096898631567194e-04 4.515223188639667972e-04 9.399116479817967804e-04 4.100243219857428538e-04 -8.425648933699946995e-04 -8.305215714181270886e-04 1.986081073688359885e-03 -3.813208708395384350e-04 8.413596429743178508e-04
-7.230343532131642756e-03 -2.472634275117807038e-04 1.118149442079888374e-02 -4.594438130328556275e-03 1.227633839182349154e-03 2.442679135379230079e-03 4.168696518625011373e-03 -9.160219303182622064e-03 1.697347783232676724e-02 -7.994494106771514799e-03
-2.643905943931183864e-03 -3.114698513787160440e-04 3.253324191791471306e-03 -7.913736088510334469e-04 5.575728451589422822e-04 -1.427228245906458123e-04 2.753821826614514081e-04 -1.162364520393917777e-03 4.248469947375979258e-03 -1.652038182593290952e-03
2.014708617837964420e-03 1.380144385890091967e-05 -3.432402264472965425e-03 2.864163478925584819e-03 1.526894112995843579e-04 -2.132770613304931992e-03 -2.581373831775600307e-03 6.080921262099450199e-03 -6.615514158223760773e-03 4.091608950635130561e-03
-1.230984794489491628e-04 -3.483665371577047282e-04 -8.363253064757781999e-04 1.337043730519219768e-03 2.132518404494734387e-04 -1.326592431580682352e-03 -1.656217156838522614e-03 3.066373471652573610e-03 -2.221305866900297882e-03 1.707177180144014766e-03
2.751358701194401776e-03 -2.953247439182823562e-04 -4.948899021980989604e-03 4.190226313896774045e-03 9.799643180800293003e-05 -2.421761028891752411e-03 -3.430836722132397324e-03 7.577746394611166447e-03 -9.208659789272618731e-03 5.364918665846387345e-03
-1.430757106141389463e-03 -3.125322071409443393e-04 1.266252653289040315e-03 2.097006958601629770e-04 4.999506254355829717e-04 -7.240975439038688189e-04 -6.578070195300618657e-04 9.026290577182735815e-04 1.056273235526035892e-03 -2.218571190146909183e-05
