0.000000000000000000e+00
0.000000000000000000e+00
0.000000000000000000e+00
0.000000000000000000e+00
0.000000000000000000e+00
0.000000000000000000e+00
0.000000000000000000e+00
0.000000000000000000e+00
0.000000000000000000e+00
0.000000000000000000e+00
0.000000000000000000e+00
-0.000000000000000000e+00
-0.000000000000000000e+00
-0.000000000000000000e+00
-0.000000000000000000e+00
-0.000000000000000000e+00
-0.000000000000000000e+00
-0.000000000000000000e+00
-0.000000000000000000e+00
-0.000000000000000000e+00
0.000000000000000000e+00
0.000000000000000000e+00
-0.000000000000000000e+00
-0.000000000000000000e+00
0.000000000000000000e+00
-0.000000000000000000e+00
-0.000000000000000000e+00
-0.000000000000000000e+00
0.000000000000000000e+00
-0.000000000000000000e+00
0.000000000000000000e+00
0.000000000000000000e+00
0.000000000000000000e+00
0.000000000000000000e+00
0.000000000000000000e+00
0.000000000000000000e+00
0.000000000000000000e+00
0.000000000000000000e+00
0.000000000000000000e+00
0.000000000000000000e+00
0.000000000000000000e+00
0.000000000000000000e+00
0.000000000000000000e+00
0.000000000000000000e+00
0.000000000000000000e+00
0.000000000000000000e+00
0.000000000000000000e+00
0.000000000000000000e+00
0.000000000000000000e+00
0.000000000000000000e+00
0.000000000000000000e+00
0.000000000000000000e+00
0.000000000000000000e+00
0.000000000000000000e+00
0.000000000000000000e+00
0.000000000000000000e+00
0.000000000000000000e+00
0.000000000000000000e+00
0.000000000000000000e+00
0.000000000000000000e+00
0.000000000000000000e+00
0.000000000000000000e+00
0.000000000000000000e+00
0.000000000000000000e+00
0.000000000000000000e+00
0.000000000000000000e+00
0.000000000000000000e+00
0.000000000000000000e+00
0.000000000000000000e+00
0.000000000000000000e+00
-0.000000000000000000e+00
-0.000000000000000000e+00
-0.000000000000000000e+00
0.000000000000000000e+00
-0.000000000000000000e+00
-0.000000000000000000e+00
0.000000000000000000e+00
0.000000000000000000e+00
-0.000000000000000000e+00
0.000000000000000000e+00
0.000000000000000000e+00
0.000000000000000000e+00
0.000000000000000000e+00
0.000000000000000000e+00
0.000000000000000000e+00
0.000000000000000000e+00
-0.000000000000000000e+00
-0.000000000000000000e+00
0.000000000000000000e+00
-0.000000000000000000e+00
0.000000000000000000e+00
-0.000000000000000000e+00
-0.000000000000000000e+00
-0.000000000000000000e+00
0.000000000000000000e+00
0.000000000000000000e+00
-0.000000000000000000e+00
-0.000000000000000000e+00
-0.000000000000000000e+00
0.000000000000000000e+00
4.828610106162205463e-05
5.137435046100104647e-05
5.166702675295752734e-05
5.297165867098908030e-05
5.416768063654291365e-05
5.096449188270600925e-05
5.455927877913977121e-05
5.508855775111854341e-05
5.345977142191286408e-05
5.592257616088787734e-05
-2.714464793257563352e-04
-2.887162132414412201e-04
-2.679795999158591808e-04
-2.698301900631885865e-04
-2.701968672544147665e-04
-2.870291857795281604e-04
-2.827271433066999269e-04
-2.637513593529113628e-04
-2.744562541169849037e-04
-2.622448594086942931e-04
0.000000000000000000e+00
0.000000000000000000e+00
0.000000000000000000e+00
0.000000000000000000e+00
0.000000000000000000e+00
0.000000000000000000e+00
0.000000000000000000e+00
0.000000000000000000e+00
0.000000000000000000e+00
0.000000000000000000e+00
0.000000000000000000e+00
-0.000000000000000000e+00
-0.000000000000000000e+00
0.000000000000000000e+00
-0.000000000000000000e+00
-0.000000000000000000e+00
-0.000000000000000000e+00
0.000000000000000000e+00
0.000000000000000000e+00
0.000000000000000000e+00
0.000000000000000000e+00
0.000000000000000000e+00
0.000000000000000000e+00
0.000000000000000000e+00
0.000000000000000000e+00
0.000000000000000000e+00
0.000000000000000000e+00
0.000000000000000000e+00
0.000000000000000000e+00
0.000000000000000000e+00
-0.000000000000000000e+00
-0.000000000000000000e+00
-0.000000000000000000e+00
-0.000000000000000000e+00
-0.000000000000000000e+00
-0.000000000000000000e+00
-0.000000000000000000e+00
-0.000000000000000000e+00
0.000000000000000000e+00
-0.000000000000000000e+00
0.000000000000000000e+00
0.000000000000000000e+00
0.000000000000000000e+00
0.000000000000000000e+00
0.000000000000000000e+00
0.000000000000000000e+00
0.000000000000000000e+00
0.000000000000000000e+00
0.000000000000000000e+00
0.000000000000000000e+00
0.000000000000000000e+00
0.000000000000000000e+00
-0.000000000000000000e+00
0.000000000000000000e+00
0.000000000000000000e+00
0.000000000000000000e+00
0.000000000000000000e+00
0.000000000000000000e+00
0.000000000000000000e+00
0.000000000000000000e+00
-0.000000000000000000e+00
-0.000000000000000000e+00
-0.000000000000000000e+00
-0.000000000000000000e+00
-0.000000000000000000e+00
-0.000000000000000000e+00
-0.000000000000000000e+00
-0.000000000000000000e+00
-0.000000000000000000e+00
-0.000000000000000000e+00
-0.000000000000000000e+00
0.000000000000000000e+00
-0.000000000000000000e+00
0.000000000000000000e+00
-0.000000000000000000e+00
-0.000000000000000000e+00
0.000000000000000000e+00
-0.000000000000000000e+00
0.000000000000000000e+00
-0.000000000000000000e+00
0.000000000000000000e+00
0.000000000000000000e+00
0.000000000000000000e+00
0.000000000000000000e+00
0.000000000000000000e+00
0.000000000000000000e+00
0.000000000000000000e+00
0.000000000000000000e+00
0.000000000000000000e+00
0.000000000000000000e+00
-0.000000000000000000e+00
0.000000000000000000e+00
-0.000000000000000000e+00
0.000000000000000000e+00
0.000000000000000000e+00
-0.000000000000000000e+00
-0.000000000000000000e+00
0.000000000000000000e+00
0.000000000000000000e+00
0.000000000000000000e+00
2.263273551938375211e-04
2.030340561852185543e-04
2.256811395866445804e-04
2.172824113291682200e-04
2.028557423886755671e-04
2.133498728308138572e-04
2.175635373521197407e-04
1.885818414691990371e-04
2.358570913801747912e-04
1.692509279250238683e-04
1.899831734743453896e-04
1.685269197527857659e-04
1.755830446594269973e-04
1.806233449466455290e-04
1.118984959506513202e-04
1.626504269649450038e-04
2.036041786624010873e-04
1.855601121495698285e-04
2.139166538256448327e-04
1.728293373285538380e-04
