2.591612299617470673e-04 1.893132615773697718e-04 9.644109538929603791e-05 1.074689763390243627e-05 3.073476773324012906e-04 1.791431056604741469e-04 6.841999807199886444e-05 1.417255346727718120e-04 2.362004850801491392e-05 2.111182256764644887e-04
2.447386231382046515e-04 2.079522276317910382e-04 1.246675592810674396e-04 2.069430375347407647e-04 1.847134354318982795e-04 1.285560995806841057e-04 3.130920866821795584e-04 2.431193300553914863e-05 2.207801460553584377e-04 2.499150933448195263e-04
3.892538953320061476e-05 2.239893142392638278e-04 1.932983475424549706e-04 1.924828737216777218e-04 1.478281600916178814e-04 1.536589904254406747e-04 1.701311858984409428e-04 2.113981206490289731e-04 2.203713513472866270e-04 3.182131999743562176e-04
6.972231174584552231e-05 6.016689870750502767e-05 2.867523781563670955e-04 9.107144910640654640e-05 5.403799197290049352e-05 2.544755655702694830e-04 4.878685030053650062e-05 2.859588587744350840e-04 3.408345506286089891e-04 2.315742829971497373e-04
3.217836198553682245e-04 1.180682050176381831e-04 1.219049608584385269e-04 1.206815583745779848e-04 2.473691957617942493e-04 5.065106660731503438e-05 3.962538904634191626e-05 1.419973032270465156e-04 2.742882181583686219e-04 1.690735146749454019e-04
1.804942155206565074e-04 2.181517568720295200e-04 1.261706426314781896e-04 9.149737304795614113e-05 1.632975212764785171e-04 7.498193668274386622e-05 1.315233085327912558e-04 2.795249703983812952e-04 3.353796819924348719e-04 8.858475077259588416e-05
1.478680196569491924e-04 2.196445725228577490e-04 1.924394279594098043e-04 2.243208039010891909e-04 1.924495083165174317e-04 8.552121035789522969e-05 2.545018071714788614e-05 1.171691079895919620e-05 1.109578868477017462e-05 1.529290513348541725e-04
3.028713825194474536e-04 5.813034888687707832e-05 1.933434867540538202e-04 2.594727734670858560e-04 5.243605306463355451e-06 2.641442134239352737e-04 9.018529398087453365e-05 1.831677922097757830e-04 1.399947591308898240e-04 2.392653196042980580e-04
1.817663633574777401e-04 3.091664268285988738e-04 2.861037611764761330e-04 1.610699530909221963e-04 2.949102790759714797e-05 2.703781516463520432e-04 3.440465604164624010e-04 2.725640944186427596e-04 2.568290565060749151e-04 2.205697046899965364e-04
1.125784640834400445e-04 2.775572436862202902e-04 3.568534213311932892e-05 2.161721149418268455e-05 3.480228067103344615e-04 3.075410341202799405e-04 3.366208847726525895e-04 3.306517611724214822e-04 2.425869842061271987e-04 1.642408957044425412e-04
1.474571411698348414e-03 8.253486673884810132e-04 6.502458193622083233e-04 6.414509022983736104e-04 -5.544821860287949293e-05 -1.417278932422507158e-03 1.797457768149767019e-03 -1.162304411594756179e-03 5.968973112985512686e-04 1.641057725610065108e-03
-1.215989469230473272e-03 -6.552577211993271646e-04 -1.544074863272703636e-03 -1.618389671380556644e-03 -2.593048199811460921e-03 1.718914445725630439e-03 5.472587006405948149e-04 -4.367699322515241137e-03 9.569164881332540163e-04 -1.218097448199573609e-03
1.071019286552161000e-03 -6.680179011557228763e-04 1.156210035383902152e-03 3.354684303501088549e-04 -2.031811006759075841e-04 -2.359796641204829192e-03 -8.905666537677058492e-04 1.617964953662173050e-03 -2.075059222494439731e-03 -2.162831166706052812e-04
1.770540577092973153e-03 -1.635567230138159928e-03 1.777375570524996262e-03 -9.600242315424477727e-07 -5.784923086332861408e-04 -3.680435261965680615e-03 -1.250343858073430132e-03 1.490734857244624964e-03 -2.787192761835274521e-03 -5.602303595822513390e-04
1.875447757357818525e-03 -5.178740560379659161e-04 6.728520619730458778e-04 2.920302838179815214e-04 -3.428574268481643047e-04 -6.049661694214580583e-04 9.776551973709056605e-04 5.820663846012181218e-05 8.788011698616248922e-05 2.772036150089436830e-04
-1.150764839194894865e-03 2.423712839881783383e-04 5.652907843165349942e-05 -5.086672518925949718e-04 -8.897448051751970081e-06 -9.875066535114276726e-04 -3.968328990348417556e-04 5.029925409588230226e-05 -9.760678769439364716e-04 9.368752980215494595e-05
3.920757005050997572e-04 -1.735337247085714726e-03 5.748743864819995733e-04 7.264966491064743048e-05 4.514820395454844119e-04 -1.103064226223813508e-03 -1.613494219561297134e-03 2.661645449045248277e-03 -1.557953811551242599e-03 -1.504765395232842470e-03
-1.709380116454546454e-03 -4.412078946616485226e-04 -1.394506114970745815e-03 -1.561037268338262129e-03 -1.112360943808606527e-03 2.053011013795876753e-03 -3.636349339539221700e-04 -2.481463432342747698e-03 6.155656439810458904e-04 -8.687297876347192154e-04
9.444873808360450306e-04 -1.312873886743436266e-03 4.817184167715095951e-05 -3.151251453691306082e-04 -1.164085632755158415e-03 -2.055132200754624175e-03 -3.339703944712280916e-04 -9.523770211591584293e-04 -7.954452922366824288e-04 -5.335198658203913879e-04
1.070994276616702633e-04 -5.143297896574933669e-04 -3.677969163580333315e-04 -7.127147780722153068e-04 -6.275518971767656690e-04 1.324502008388712656e-03 3.620543353950833425e-04 -1.430025916368850942e-03 1.357703897448748597e-03 -3.473222812230587894e-04
4.525635771175390981e-03 -1.970774617005982554e-03 3.412809642312221795e-03 1.693744943350901149e-03 8.424433096563492930e-04 -5.113040417193865511e-03 -1.518023075654648633e-03 6.170115204659792039e-03 -3.786269940153306427e-03 -1.806670016615767973e-04
8.048050073776228351e-04 -9.025340888574711609e-04 7.949103789392584617e-04 -1.613727820184930248e-04 -6.776451700668303501e-04 -1.809558523130437363e-03 -3.783709856905186249e-04 4.451653254130818679e-04 -1.611795426583734767e-03 -5.359397544540740093e-04
-1.299273263765386797e-03 -2.974505924944233085e-04 -1.138236128710963264e-03 -1.252267063666759198e-03 -1.964928616628049737e-03 1.055482569173408656e-03 3.301094174165198941e-04 -3.629230862873652954e-03 7.541372627173850577e-04 -3.516164550053082951e-04
-1.147127310925338600e-03 -3.622670191983036925e-04 -9.900992301934015936e-04 -9.869902853252958148e-04 -1.067727507500810125e-03 1.022092070237284357e-03 9.494256903450941300e-05 -2.791184023022873044e-03 4.877585811246825829e-04 -1.995032863216924472e-04
-1.170625568789621746e-03 4.680453172686979083e-05 -5.359563073775801788e-04 -8.133718780245482657e-04 -6.108424131862662384e-04 6.927238737933613579e-04 -3.502458062877727182e-05 -1.736724704053513226e-03 1.577281904842464232e-04 -3.916411646974920537e-04
-6.555067482278801455e-03 1.118687543933965947e-03 -4.935898134964392288e-03 -4.042178909769367917e-03 -4.031171550402709580e-03 6.873035817277619274e-03 1.837143879497350665e-03 -1.230997467186930802e-02 4.510466492103805056e-03 -7.839903205474704371e-04
-5.574355322611882543e-04 -8.487659563808288296e-04 -3.250999410768077615e-04 -1.051855849357214313e-03 -1.520844953041444519e-03 1.426713448351945278e-04 -1.186334860786531723e-04 -2.498343592031179380e-03 -7.242481072212831575e-05 -7.002993019375616888e-04
-3.556701421208897842e-03 -4.954983088702982937e-04 -3.294640311548561410e-03 -2.616632749485524236e-03 -2.677934968845117718e-03 3.116929211342672583e-03 8.323392180241101328e-04 -7.528290837810553554e-03 2.009459082404465528e-03 -1.188315017624399237e-03
4.883843599805379101e-04 -4.061177507647426932e-04 6.569048991575404542e-04 -1.876102006832293400e-04 -7.181456147313705195e-04 -9.179191361734555460e-04 3.456796532887984326e-04 -4.518404307587250870e-04 -4.690969784358651074e-04 1.613807404726077665e-04
1.317798655049888914e-03 -1.322015007558213339e-03 9.482203917501880056e-04 -9.173754557155380102e-05 -8.970144622020188602e-04 -2.025711945490325707e-03 -3.941737205253807827e-04 6.187751156821598799e-05 -1.337671656346783259e-03 -2.226734598559398676e-04
1.373249608777098174e-03 -3.435006307973575458e-04 2.761753952247903831e-03 1.588355087390958681e-03 3.005868161866773105e-03 -2.712208040431977017e-03 -2.165652080979689649e-03 8.626809183027044081e-03 -3.617529923099784515e-03 1.783302286594935294e-04
-4.242981564421057254e-04 1.000624544004370149e-04 1.295327537964074743e-03 9.091034542859519280e-04 2.782466001724293817e-03 9.821866030134847585e-04 -1.251036018206562418e-03 5.242554031568890695e-03 -7.772969841654684331e-04 2.962286965679188479e-04
-1.817575001308503963e-03 -4.507338321592291482e-04 1.480407045756947700e-03 7.229433192185932432e-05 2.920441280482038819e-03 -1.529962540115411109e-03 -3.264671569265116188e-03 6.178773463570299586e-03 -3.802175280848983045e-03 -6.608494446919807499e-04
3.967367361466494179e-03 -1.292783576517387905e-03 8.409813070830773679e-04 4.732358933186225978e-04 -2.205262532337702065e-03 -1.073394865000397132e-04 1.957885266505586183e-03 -1.156456185318054889e-03 1.434163829840478469e-03 4.512512358731057219e-04
1.737271191388681626e-04 -1.859219212671713202e-03 7.037575046133282865e-04 -6.253558542860537545e-04 -1.306378613489109089e-03 7.709719007105348722e-04 -1.088046383866108453e-03 2.325423815096532931e-04 -9.134579709424697682e-04 -1.690494457962569193e-03
-1.554973482982549863e-03 9.387508059755551989e-04 2.494840345398773181e-04 4.334876620802536099e-04 1.021449473802658360e-03 -2.096105937949920874e-03 -1.182449868973822933e-03 1.253310551681495726e-03 -2.551885078137318061e-03 1.379833813526327372e-04
2.874385217888322970e-03 -3.037804347297129708e-03 1.165500102207065814e-03 -1.457575403630912076e-04 -2.325525585134444965e-03 -2.102495677669416908e-03 -6.107672388575786969e-04 -3.227852713747335236e-04 -1.577679452747051021e-03 -1.098023508130280528e-03
7.563867426153096369e-05 -6.402462233354379480e-04 1.822070769696750199e-03 8.270264686843049277e-04 2.155455818518225552e-03 -7.523250224681478707e-04 -3.099750093033983803e-03 6.600584267526808484e-03 -3.079907515403857397e-03 -1.298203400497534602e-03
3.356847461102332574e-03 -1.641806630768093567e-03 2.191581930127003801e-03 1.434169493215629041e-03 7.526505450235491858e-04 -3.100760097231623075e-03 -1.625574457728522042e-03 4.953354205263717572e-03 -1.837090708064525622e-03 -1.333633812307382250e-04
5.020581456440001769e-03 -2.210737659128835658e-03 2.526346186323361748e-03 4.171431311566724644e-04 -3.209087857758200196e-03 -4.372391613497573701e-03 1.499125416012195202e-03 -2.198077962840036970e-03 -1.084003857105672727e-03 4.789429125059334953e-04
-2.178893200395665228e-03 1.600964574634933029e-03 -1.218208108351864077e-03 -9.620560649875397425e-04 -7.109667696359588552e-04 2.466289160326126922e-03 1.251158786256621703e-03 -3.737908774472484263e-03 2.233306137866413604e-03 3.939906629120991160e-04
-1.938809106162001821e-03 2.547999070483705254e-03 -1.544104615492663916e-03 -5.705134106134091910e-04 -2.875910508919158628e-04 3.370762295250092407e-03 1.983428261269995843e-03 -3.896820259089987804e-03 2.802995851694695204e-03 8.795713509973825247e-04
-2.133948232789720754e-03 2.147296727260678256e-03 -1.144763053359903983e-03 -3.469760068814922629e-04 -3.647050896245303438e-04 2.986297227227621438e-03 1.663455241819300793e-03 -3.094636063172167151e-03 2.269120142495168347e-03 1.010494304112939494e-03
-2.483180053074183699e-03 1.382530821641533327e-03 -1.919199180107382038e-03 -1.333345978161752004e-03 -1.192800858177076213e-03 3.498131427643018029e-03 1.778797987493988637e-03 -5.382059040024124441e-03 2.375098007838795551e-03 9.919583090023919843e-05
-3.234093897701947884e-03 2.893318892904101977e-03 -2.346273382159871305e-03 -5.800388829524426651e-04 -9.157838103732239120e-04 4.847101181313465471e-03 2.793640300639461255e-03 -5.344481771787258986e-03 4.085796109705452234e-03 1.463315007588900834e-03
-2.595654027626691489e-03 3.364986452388207122e-03 -1.887162964779145850e-03 -3.561249607825764168e-04 1.385836494412524150e-04 4.051682215901348041e-03 2.930237922682523300e-03 -3.635881349361563212e-03 3.722283259574550064e-03 1.438425143467237342e-03
-2.301070380054782896e-03 2.327509262158703775e-03 -1.429322736661038824e-03 -5.683078619561262581e-04 -3.995246196575629512e-04 3.603964849519219592e-03 1.938151325130019849e-03 -3.738820708058332790e-03 3.193376317082104003e-03 1.336053377077922079e-03
-1.992219061898941636e-03 2.034899390837654944e-03 -1.058000245492710057e-03 -9.359019048226864448e-04 -3.276574784897915414e-04 2.762967782685229849e-03 1.570221365083222451e-03 -3.942155972467838165e-03 2.412170896999157182e-03 6.230034976148123233e-04
-3.067745886148283418e-03 2.860306993602641529e-03 -1.797259412501724888e-03 -6.848078723843310659e-04 -2.959102224013785407e-04 3.839379093105335476e-03 2.274647572828250846e-03 -4.513955818885964297e-03 3.424858597927901011e-03 8.945818689441957646e-04
-2.245255309704498846e-03 2.090907110268928025e-03 -1.195644391547629002e-03 -1.901441269404516407e-04 -3.431673887926153061e-04 3.343300796790218878e-03 2.210767268987905501e-03 -3.498646799128239931e-03 2.433275846078229981e-03 1.051031961136477712e-03
-3.836821667802088609e-03 5.298591859933357226e-03 -3.146212561744968911e-03 7.879169553727699863e-04 2.175612903023529596e-03 8.739021789824597680e-03 3.777430604262616096e-03 -3.420032400324970155e-03 7.430627289638540127e-03 2.781028106318281928e-03
-2.775418316800017191e-03 3.845570981466153986e-03 -2.295278641723556227e-03 3.067953112529187357e-04 1.766202231985662804e-03 7.342162486077946290e-03 3.080659955604749325e-03 -2.483199803701558166e-03 5.200041482042405856e-03 2.191392694598184431e-03
-3.345995131809863417e-03 5.901052649587897742e-03 -2.918685933173717842e-03 1.211577966216014456e-03 1.953052668909700676e-03 9.640099951928356517e-03 6.110597541808831905e-03 -3.494064355875494288e-03 8.226424039770929147e-03 2.737844770721260812e-03
-3.000077999765978637e-03 3.357625634860735529e-03 -3.044816270039150865e-03 1.957514873542220589e-04 -3.326889909177462240e-04 5.260168138459412300e-03 2.892253362909226119e-03 -3.744325436846240775e-03 4.167153324070901020e-03 1.545058171320022383e-03
-3.056024433306022206e-03 4.596919757163191178e-03 -2.529604082580072522e-03 1.921634532315755033e-04 1.238188881871497794e-03 6.923556727811521969e-03 2.837534390599003725e-03 -1.869181227724243466e-03 4.928149147721644537e-03 2.160811903236000645e-03
-2.503776627890232087e-03 3.102297260207945422e-03 -2.183154984437592726e-03 3.898260940036886945e-04 1.148801606354918608e-03 4.926625584598184546e-03 3.009692703425403439e-03 -2.535336750598830933e-03 3.982968997809305592e-03 1.043939001416318039e-03
-2.699914927869452152e-03 3.997891741219132891e-03 -2.790918324556975784e-03 4.340266244751170245e-04 6.686147037211695454e-04 6.377976183494371218e-03 3.169222373555245081e-03 -2.951176187091069866e-03 5.317957936633792987e-03 1.852925107841880449e-03
-2.946289947032759877e-03 3.250345903284976301e-03 -2.358518291932382334e-03 -1.359161927141433403e-04 1.351360950439402979e-03 5.285886898154702578e-03 2.514916108090013355e-03 -2.027821486469070719e-03 4.505797329897127598e-03 1.322499230910965246e-03
-4.307063765965252894e-03 4.003766527494544321e-03 -3.088801179848619030e-03 -9.939499374696011275e-04 6.168720996400668937e-04 5.808866621034610225e-03 2.207414040749208686e-03 -4.364288124049121691e-03 4.042360650124408351e-03 1.172734673974104103e-03
-1.445703150991686607e-03 4.711602873367793515e-03 -2.484294852296441061e-03 1.544753011034135683e-03 1.330203037557193754e-03 7.220181223007549921e-03 3.991227288687033449e-03 -1.904770081715826454e-03 6.128922758407923457e-03 2.806811084863269391e-03
7.178863757905852181e-04 3.780018324205705257e-03 -8.751454797146357694e-04 1.918981369091414708e-03 2.921855450487831612e-03 3.366123444949992594e-03 4.051343533239924223e-03 4.903127275790024895e-04 3.906266593130899682e-03 3.682477967255545163e-03
-1.364502429918499748e-03 -7.592940201849533027e-04 -1.113423355897455056e-03 -1.654559128150592242e-03 -1.916755654703939304e-03 8.606946221429555982e-04 -1.274170021121654535e-04 -4.055855473832855468e-03 -7.335703101650586065e-05 -9.437927279159861061e-04
1.015643469419952663e-03 3.246288877838221336e-03 -1.294783808058507998e-03 1.989703876791608286e-03 2.485231312433504054e-03 3.025877527662006270e-03 3.257528734921789210e-03 9.202334933968079039e-04 4.318436625201324888e-03 3.561963922977600186e-03
-2.650527152411098677e-03 1.970493359024121644e-05 -1.606087349016884804e-03 -1.581415077895286436e-03 -1.619349851164873788e-03 2.769151033865314710e-03 1.143903954640171318e-03 -4.931623903742132775e-03 1.801680769278259531e-03 -1.252165670790087663e-04
2.255689816898449884e-03 1.803153896988624267e-03 3.898515456680599770e-04 2.156609788754200712e-03 1.937551982847967322e-03 2.237855326888190256e-04 2.238151028552841371e-03 1.628580341784803499e-03 1.885456676298808386e-03 2.720371896416329260e-03
-2.280060450142429827e-03 6.962073149688018103e-04 -1.179219371953068836e-03 -2.422768896675210051e-04 2.680366656949595308e-04 2.794650400517914059e-03 4.570582289252965121e-04 -4.111868303382407272e-04 1.151309812633156179e-03 -1.633683474119208986e-04
-2.399346852666379461e-03 2.142965671709388346e-03 -1.440819388707748365e-03 -6.844870665723856327e-04 7.334874867732874828e-04 4.306408740662979150e-03 2.128236964559200670e-03 -2.690428069532539799e-03 3.049393159896258195e-03 6.350000172911529238e-04
-3.267724300793539444e-03 -4.115658139104245929e-04 -2.055999741694204946e-03 -2.425017031218908766e-03 -2.666613573848303914e-03 3.206865619187474446e-03 7.538387001812845356e-04 -6.892387376938481115e-03 2.286226015500616559e-03 -5.404687190490412322e-04
7.262257027446352635e-05 1.267379294237077096e-03 2.125706379656767185e-05 1.112969501890490867e-03 9.752990196502554906e-04 1.174039729561862731e-03 1.329737431796012247e-03 4.940651941806929216e-04 1.474633443823668722e-03 1.467639374280706654e-03
-1.711442378739017230e-03 6.591412703087151052e-04 -2.045994288350427067e-03 -1.136265426874162772e-03 -1.355249517114230119e-03 2.615062125809352982e-03 1.330665733347670757e-03 -4.236704547794864148e-03 2.374757337880474377e-03 -3.668608636733307099e-04
2.094597475263400375e-03 -6.943536532605661116e-03 3.023983979539493407e-03 -4.382965624713773718e-03 -6.731518410543695097e-03 2.370081402920476508e-03 1.411514362500383875e-03 -8.765211771121723949e-03 1.571985899938398894e-03 -4.563450543350893070e-03
1.118710185754264418e-02 -1.070834873845211664e-02 8.594939932721507025e-03 6.193285626056136165e-04 -4.708514236330072281e-03 -1.540164817527734688e-02 -9.678298094037224297e-03 1.160080444074302122e-02 -1.313236416262826382e-02 -6.430288535372454851e-03
-4.820020009589444284e-05 -2.188599257965793098e-03 6.889357122166254142e-03 3.565933625734594645e-03 1.040732487193849268e-02 5.432508249125922103e-03 -5.847959703590441781e-03 2.292746229063634747e-02 -3.411024485744484046e-03 -2.592240051120385698e-03
7.731745564479293106e-03 -1.238061265101245839e-02 6.482697103146247558e-03 -2.870347171045936185e-03 -7.688472624097312039e-03 -5.752300446287428141e-03 -9.586649562579870748e-03 7.145814058620055323e-03 -1.109306476693429008e-02 -9.054807859015174751e-03
1.627737384004121837e-02 -7.989622425734099059e-03 6.413612504533068928e-03 4.942882419048493826e-03 5.586142775003019546e-04 -1.671163940297359235e-02 -4.498433969464659191e-03 1.396104864368910570e-02 -1.032253921292599144e-02 -1.964390385488597093e-03
5.039409490825499070e-03 -6.431519652812391075e-03 1.585719026548103533e-03 2.503271322704123027e-03 5.364187073613912353e-04 -3.032799169535550180e-03 -1.012720774107135971e-02 1.651085087627801942e-02 -7.866126044876024098e-03 -8.041431880217636552e-03
-1.221968366424317637e-02 6.121418235574771494e-03 -9.168664530909517718e-03 -1.022384009650910376e-03 6.305746341695586850e-03 2.565774918388523049e-02 2.972496266138023330e-03 -1.580522334223034018e-03 1.450593810955573028e-02 -1.289078906742043354e-03
-3.482152599610966750e-04 -6.564403041355608079e-03 -3.224563888341588393e-03 -6.098279422636052743e-03 -6.098438891580584831e-03 1.315343623894849739e-02 -3.063833746214291928e-03 -1.537622401111412521e-03 5.873967147359952269e-03 -7.805500123417880888e-03
-5.045249009546305501e-03 -1.248943904675181571e-02 1.250339626911573486e-03 -8.271848429733677510e-03 -3.405972388029796395e-03 -1.244819115265899737e-02 -1.523880474229919249e-02 1.908329953002265269e-03 -1.532048457790100883e-02 -9.370687510560016947e-03
7.827882087543305487e-03 1.547977502824870360e-03 2.418450047922798916e-03 3.749331405861436751e-03 3.735455604085762362e-04 7.322956801749008586e-03 3.280790416399192045e-03 1.036262674481260374e-02 6.867967360225248931e-03 1.537493609040855528e-03
-7.712593222302009492e-03 7.845950024395113506e-03 -3.973833252976332990e-03 -3.797418034634148410e-04 2.479123987518335077e-03 1.351957499669682178e-02 6.659201555481798589e-03 -8.596767924269286057e-03 1.014528063704556518e-02 4.664481165058923830e-03
6.297224374824507073e-03 -1.294263658933965258e-03 3.486573233080783162e-03 1.921078866290072337e-03 -2.324649443655991098e-03 -5.735698476201699612e-03 3.584896376552437845e-03 -3.069299926037551488e-03 5.218263161568947460e-05 2.779415339905795274e-03
1.578885760586509063e-03 -5.532153593152649117e-03 2.132658236216228331e-05 -2.370845555651960104e-03 -3.597521675364766074e-03 2.217604872659470375e-04 -3.338343940088872325e-03 7.284523043240734123e-04 -1.667182893645272491e-03 -4.690810388586549341e-03
-4.955382715632218778e-03 3.380660380729069540e-03 7.731790343172838557e-05 2.890337049110814466e-04 4.207802580712488583e-03 4.579001067466196770e-03 -1.388273122703532645e-03 5.955034761340823393e-03 -2.159079863270558283e-04 -1.214610943211444089e-04
4.639785594784607420e-03 3.439727490932781902e-03 -9.067125530908433633e-04 3.321292867641417908e-03 1.059271735867007387e-03 8.925319807630970048e-03 6.558384351363839501e-03 -7.746468241049359136e-04 1.067721331084771352e-02 3.844797840322691264e-03
-7.875148857841051883e-03 3.570787836127622614e-03 -1.849002501262077616e-03 -1.629306062536033280e-03 -8.458184964919060987e-04 3.876796850711178213e-03 8.160320077988559174e-04 -3.858384812213935290e-03 7.815742173051296959e-05 -5.664075390441313798e-04
1.004117295345363647e-02 -6.932321804330085144e-03 4.035009517254970618e-03 1.374919780795076435e-03 -3.295247877867608748e-03 -9.522990288553197236e-03 -2.391412783138628477e-03 3.113534289712306495e-03 -4.618308138331700050e-03 -1.707531911655936919e-03
-7.891593747613232304e-03 1.880191370050717740e-03 -6.635990508973522647e-03 -2.398528619914506478e-03 1.277027179999469129e-03 4.035248569865428243e-03 -2.841626021528442098e-03 -1.166869095660816574e-03 9.785161669482779229e-04 -1.947349436248208042e-03
3.482144229893597599e-03 5.501447935062237296e-03 4.844966404552052477e-03 4.763510590554285475e-03 2.598756655313194577e-03 3.306818018033209471e-03 6.211712284073900997e-03 3.027882218797428061e-03 4.336536271851707154e-03 5.163089903294912873e-03
7.055292778219577655e-03 -7.052930487815963628e-03 1.417584169183815123e-03 -1.699474245215583379e-03 -7.073045272255765702e-03 -5.514776499989167136e-03 -1.114942407180722359e-03 -6.790317703300624910e-03 -1.319678624634324643e-03 -2.022255527673803236e-03
1.269185204529032747e-03 -3.637806658258316067e-04 6.620005934404814794e-04 4.351555378597293062e-04 1.203130196189675137e-04 -1.229703251842391301e-03 -3.196431696736624109e-06 7.810592409511760755e-04 -4.682621312145203657e-04 1.851711179859358064e-04
-7.999803174603020185e-04 1.018792646795841413e-03 -6.677277448033799260e-05 -1.096106631086393577e-04 2.545728243232988578e-04 6.368588096929923619e-04 6.040591179178971242e-04 -5.209166503607843895e-04 1.707995818469114607e-04 3.099205931096894414e-04
6.512725240647444487e-04 -5.416013315129348952e-04 3.739320679996130988e-04 1.881053782769713403e-04 -4.482568835224310646e-04 -5.233255584567017213e-04 1.660311334392114728e-04 -5.211583735153645525e-05 -1.597337945736524085e-04 -7.564593510529422113e-05
3.090910628275419961e-04 -3.983811173733307876e-04 3.337395046272504653e-04 3.900300965865873248e-05 5.624136385106612891e-06 -1.054975508930831819e-03 -9.370423608803916688e-04 8.074400063017087015e-04 -8.022781495842758659e-04 -4.962599062623948608e-04
-8.701131682643279764e-04 2.527393509772169421e-04 -4.252510025563694209e-04 -6.475119591457938499e-04 -6.729211333604038191e-04 1.341316947480481392e-03 5.705325188533059196e-04 -2.146636938195186414e-03 1.067068969271520694e-03 1.015062960824473918e-04
-2.573226104110306819e-04 1.210716784812465802e-03 8.056781144942646753e-06 9.392382477159391327e-04 1.308054523397536367e-03 8.033504797880524793e-04 5.138985296182890490e-04 1.332190757149984877e-03 6.450958823379165322e-04 7.211880472996888992e-04
3.584794507123260573e-04 5.792256010606132259e-04 4.814442455835582437e-04 1.450556822470643980e-04 -1.402031432869030260e-04 4.599719898612445574e-04 8.852970108912922671e-04 -7.880244047072891816e-04 7.313062443910968045e-04 8.122455013768385516e-04
-1.066759536298021206e-03 5.574836483465664318e-04 -2.745563689955624227e-04 -1.693352034558748189e-04 1.798385042830225749e-04 8.826767245031614476e-04 1.404560904656871180e-04 -8.109635445643818092e-04 1.055878699818186720e-04 3.563140370556394177e-04
9.392959264829145146e-04 2.214423923816904788e-04 1.042995522767662612e-03 6.155917792112125574e-04 6.447239133960307265e-04 -1.261315468727292706e-03 -1.776681631559114095e-04 1.424883920849182766e-03 -9.798806153432158654e-04 2.824784351985357525e-04
-3.577732204162369437e-04 7.326076913277312008e-04 2.646039917288399738e-04 3.690081589383522134e-04 1.278612175895064290e-03 3.058240145199270948e-04 -1.821271769477986711e-04 1.805323578680476972e-03 -3.008628929980568961e-04 2.525150229782539878e-04
4.766432564704992103e-03 3.350098504253485026e-03 -7.279826446245580944e-03 2.176268989402776587e-03 2.984731326364764223e-03 -3.981649405525839770e-03 7.490647930988907945e-03 7.041839132267970706e-04 -2.188383005419769142e-03 5.881625330346459957e-03
-2.450965910214557633e-03 -5.101553762687481303e-04 7.792492327156751164e-03 2.515027522872359967e-03 4.613836167263099704e-03 -5.822232005294951211e-03 8.758855110664509527e-04 9.395966211890238381e-03 5.532386545860513288e-03 7.706606486408426084e-03
5.486826450824540229e-03 -4.152040612696083176e-03 -1.355451094325905298e-03 -5.468250869559561529e-03 -8.817724960886648986e-04 -2.229462803024390670e-03 2.563666210336994385e-03 8.960697011269223508e-03 2.642461513566106771e-03 -1.754453835780958983e-03
7.001520505265179314e-03 -7.119520021102936948e-03 1.640627539104478694e-03 7.294810637083532293e-03 6.719661324208496024e-03 3.724149091509577642e-03 -4.452510802710711070e-03 3.211029564841124621e-03 -6.581896647746933622e-03 5.943816651291402957e-03
8.625232843500810469e-04 9.005896816451627873e-03 7.940078646543197172e-03 -6.934959723435523381e-03 -3.539817105237096605e-03 -9.018371379484623265e-03 2.109750519031037847e-03 -8.184549776126408965e-03 8.705683262273165510e-03 -9.523302505059906206e-03
-4.319088833799569760e-03 -8.106032652808670830e-03 -1.065303826744440786e-03 -9.047232815196789082e-03 3.755390832535332284e-03 -2.076599153288434616e-03 -7.225814064981930969e-03 1.420864281168368517e-03 1.555890739955621176e-03 -4.233530331536898735e-03
-1.302207353718799364e-03 4.351262581008570086e-03 1.336817995990643168e-03 4.503271957533824463e-03 -3.215765002657415290e-03 1.334098644307142503e-03 -1.501436310343075113e-03 9.860572057980299121e-03 -1.131862681270448664e-03 4.633947796488696418e-03
8.101883977961655062e-03 -1.209111315173054665e-03 1.368537216546602446e-03 3.006904561466348588e-03 -1.672854640119021252e-03 7.152473662304628145e-03 -6.606293924807943828e-03 6.266998790368495664e-03 -1.539265119325466599e-02 -3.072554406426896388e-03
-2.255915495580094587e-03 4.333049513084245830e-04 -1.663081798005636462e-03 -8.293406019772759947e-04 1.020166801748537133e-02 -3.425551517031151169e-03 -3.140124852277839662e-03 7.018255156529114476e-03 -4.619414739067901135e-03 3.624314677160991784e-03
-5.277900874452111715e-03 -8.148820808750857278e-03 1.039638410863668108e-02 3.605029420630293229e-03 -2.870315852641383298e-03 -6.562553449019825277e-03 3.505017321251573115e-03 -6.937444280152713603e-03 -8.029718747024232328e-03 -2.205238308078384842e-03
3.198019569444293881e-04 -3.225529745936864994e-04 -1.503342060010825912e-03 -9.982220503569208883e-04 4.098655434383032350e-04 6.708923212685187053e-04 -7.192662148678768356e-04 -4.306750773480555244e-04 -3.778023106354783307e-04 -6.026834427858391522e-04
-2.778721601028431723e-04 -8.720268460760202548e-04 -1.902485209237370469e-03 6.772736417485872599e-04 2.298832028335269734e-04 4.327365145028051860e-04 -4.751497162344416292e-05 4.292699857106829168e-04 -2.748175807418075161e-04 8.124124308215867254e-04
4.088945181077326390e-05 3.133391753198289022e-04 -1.599791112440180144e-03 -5.511160199283219457e-04 1.183160808315341251e-03 2.996300774220216501e-04 5.566150381918997256e-04 8.785411801570992439e-04 5.362275382082119530e-04 -9.765463972160793216e-05
3.345487877895937548e-04 1.953999739557838247e-04 -1.661160279184168038e-03 -8.433879456936082967e-04 6.486505062043004463e-04 -9.616862769598643387e-04 -2.120318924663067248e-04 1.472011915622547628e-04 8.076777044558508837e-04 6.727103005881228349e-04
1.320332271137888416e-03 -2.657904277028288976e-04 -9.295303918806446060e-04 1.036053283220517889e-03 9.887497719977206626e-04 -1.894865868792705718e-04 2.901444830608818553e-05 7.793295699133010596e-04 2.651840255394365738e-04 1.124470498284290158e-03
2.157849591982304526e-05 -9.228378357112597711e-04 -1.146586372597838436e-03 -5.861050774722361594e-04 1.246952919541500409e-03 -2.426026061464096688e-04 3.240958087658931709e-04 6.210170304185864531e-04 9.735061829354424694e-05 5.116815586449565567e-05
-1.792290461645117355e-04 3.085723935518269907e-04 -1.565769935216428663e-03 -3.064398776281521564e-04 1.210655132642063066e-03 -1.710808929198390021e-04 -1.911299727004348796e-04 8.073057212955801450e-04 8.315008537312839005e-04 8.141508275028032891e-04
1.055908407090170968e-03 4.832811091774856928e-04 -1.348506854060730091e-03 1.131347229770253247e-04 1.284106402292414795e-03 5.454583782354382711e-04 1.558534816104599680e-04 -9.835030755476188800e-04 1.099485334076779567e-03 2.044118899079685994e-06
5.912056784852698409e-04 -1.278014139725070332e-03 -2.406350450256005899e-03 -6.514057209792443797e-04 1.109225985650460697e-03 8.159692486444470932e-04 -2.997820293548621932e-04 -2.986954338318722536e-04 3.197424293470973875e-05 6.507507934844847849e-04
-3.564846657012751482e-04 1.934127609263885331e-05 -1.265800408998440669e-03 1.112128991442817589e-03 1.756843658413706173e-06 -5.076068956685422275e-04 7.719924033158606256e-04 -5.218798725075395338e-05 1.179817133418657737e-03 -3.543541665313411013e-04
6.608886444165692250e-05 2.247574258140374418e-05 2.482141334463938199e-04 1.966060563329175188e-04 2.067092482114892200e-04 5.653534619680331425e-05 9.915420746203051211e-06 3.526436760293952559e-04 3.067378987186846644e-04 3.541376840369428393e-04
4.254507985908119829e-04 4.397543948369524988e-05 4.136427754503416154e-04 4.049680197944407881e-04 2.053952266941568353e-05 3.577867190074839965e-04 1.108771603178265351e-04 2.262641474338331006e-04 2.938192758285357526e-04 3.640950336406201726e-04
2.165325493691309629e-04 3.406523147848742098e-04 3.699640945496485709e-04 3.460611779978589033e-04 3.964900293225395614e-04 2.259360879370788831e-04 2.595764236561177518e-04 4.256081729939306581e-04 2.739953186095577041e-04 6.993184674845499469e-05
2.460846828516894021e-04 3.720589368925931095e-04 3.454406221706006019e-04 7.995951616872696698e-05 3.349124936263843237e-04 1.716919886217897046e-04 3.035027960548136294e-04 3.280954937587678491e-04 2.329682587012308099e-05 1.384254046257334353e-04
3.157697656202777120e-04 3.496805387408337363e-04 3.397389764944941165e-04 2.911183753053408281e-04 1.819546481976544190e-04 1.981289434853707469e-04 4.150658548277351249e-04 9.871686585074392159e-05 5.650729705121585936e-05 2.427982814110401296e-04
3.843287881145030448e-04 -1.905850388993287864e-06 2.657164575181008670e-04 3.184990841761132108e-04 3.938338581583953192e-04 2.732452294781064698e-04 7.525284786919378974e-05 6.943764588204759912e-05 3.096732953587539488e-04 3.958228837569635985e-04
1.550556590578464631e-04 1.256968149138094036e-04 1.070114859346183724e-04 4.170183346568269466e-04 3.534744089862717131e-04 1.063339465380935101e-04 3.748504004293910113e-04 2.969779447212391441e-04 2.640596091249181759e-04 3.587955725099193781e-04
1.295168213481820787e-04 4.187091741721939934e-04 3.716651312673020140e-04 1.539193480551663952e-04 2.268085211655008657e-04 3.610325369416951622e-04 1.216844393137995133e-04 7.154686856249712137e-05 1.701885044400044066e-04 8.545178644029928191e-05
3.231426966321883539e-04 2.199534471925074979e-04 3.437757696852293912e-04 1.680684563835279244e-04 3.057894026918190678e-04 2.435516989719733181e-04 1.445190646480587601e-04 2.778373735191727481e-04 3.944119322260875591e-04 1.979243960146651363e-04
4.077633251670812007e-04 3.528613367577865278e-04 3.192683760862880817e-04 1.527759094486587247e-06 3.759378933566770616e-04 3.945860960652261334e-04 4.055287232130902692e-04 2.244997329493797847e-04 1.370702027320709452e-04 8.140838665230056709e-05
4.093297570134210757e-03 1.272507787591851090e-03 2.395409119973891318e-03 -1.709286213089675861e-04 -2.300244015302767633e-03 -8.966694566111080853e-04 5.074392063753151681e-03 -6.875443045579827418e-03 2.973438252262405532e-03 3.237392616426129719e-03
7.770255165849650203e-03 4.540302557828992166e-04 1.589519914546488194e-03 2.164336681774580579e-03 -3.844892057596248445e-03 -1.508541227978989598e-03 5.247279273456989350e-03 -5.754294513294269144e-03 4.394763189074448254e-03 3.135144613618513938e-03
-1.324159052199852396e-03 -4.653646152807359646e-03 1.674538296806396239e-03 -6.648108913776835244e-04 2.580312462102959167e-03 -8.891024607255394382e-03 -1.020047609035288835e-02 1.114660426361135416e-02 -1.137557603955377007e-02 -4.676241516655433965e-03
6.972231902440571664e-03 -5.272327223137669413e-04 3.378406951723457018e-03 1.758777481662979246e-03 -2.580552973156319263e-03 -8.586397827788697784e-03 2.219815508407195666e-03 -1.778141882789960933e-03 -2.478513497548867454e-03 2.711134453368313837e-03
2.728512825469671602e-05 -2.138690861777196861e-03 1.050468905320573213e-03 -1.359833384374826201e-03 -1.756778305624982425e-03 -1.202953667392228599e-03 -1.437006325109543240e-03 -6.419430835163005000e-04 -1.608315376303248462e-03 -1.020978312232821705e-03
4.909548286480653993e-03 -7.173308813315308965e-03 3.640257745053087409e-03 -1.197436949937977745e-03 -2.340631250561380373e-03 -2.792502915028199570e-03 -3.926167125898228846e-03 4.310616000955672794e-03 -4.005598478798308264e-03 -3.936421335357702389e-03
4.432754349645608161e-03 3.332974496412135623e-03 3.834103821875487969e-03 4.436194412861185418e-03 4.787080368679593780e-03 5.616515044273963711e-03 5.185335243181325021e-03 7.275979431287032256e-03 4.604852858112060132e-03 3.089075096545952810e-03
8.504439557481509662e-03 4.290582853736892195e-03 2.202723885288038804e-03 4.284702654413934976e-03 1.201648568884015130e-04 1.173314337629018664e-03 1.038021029107737310e-02 -3.216776567566171328e-03 8.049321762513456796e-03 6.508365620508709849e-03
9.890597365312746303e-03 -3.872336978848613370e-03 3.243920880199458422e-03 -8.780079623448381341e-04 -6.848463188541114958e-03 -5.472318482487820851e-03 4.329657985201140064e-03 -8.928426952409062797e-03 1.150225181865644885e-03 1.168659597927207156e-03
6.175194565845481751e-03 -6.702018790330552429e-03 1.548795538713159531e-03 -3.803795618075803651e-03 -7.035262898500335357e-03 -5.630793695739230373e-03 -1.127741540885614322e-03 -6.374928741333285749e-03 -2.025826431805803456e-03 -2.585203448654466770e-03
3.091092323729532909e-03 1.930589303909013052e-04 2.302032470807228136e-03 2.039276852384910074e-03 1.613496752758556731e-03 -2.150317540268925198e-03 8.015793479714998851e-04 4.320035912884841352e-03 -1.081279075900120267e-03 1.497855136548963085e-03
2.372132365923533548e-03 2.758666613523844146e-04 2.296323703795862588e-03 1.767457867752450897e-03 1.719155256432921761e-03 -1.099772794295512121e-03 1.878803557964913058e-04 4.233756119349590952e-03 -9.314965577477937785e-04 7.132889151419682461e-04
1.348867498237249973e-03 9.073901972311485117e-04 1.053519684333808527e-03 1.526421261392034998e-03 1.874535779882841122e-03 -2.885092017353227812e-04 6.502458643947118199e-05 3.516973662230794568e-03 1.174863953607452473e-04 8.563253647536197893e-04
1.633270613419010066e-03 -1.129839181753120687e-03 1.525021764292293401e-03 -2.613389240732122204e-04 -8.085164133011946011e-04 -2.580500050398310419e-03 -4.546104265012800255e-04 5.583063381962600092e-04 -1.780782576947804920e-03 3.256630525741386890e-05
1.663029651472549848e-03 1.727771703315231265e-04 1.265317700713422359e-03 1.333199840246501689e-03 1.608244823906955674e-03 -3.706558046934883919e-04 1.118290314679652806e-04 3.260006014163571546e-03 -1.535721944727131468e-04 3.968845940109788769e-04
-1.375616835584573833e-03 1.205068784118273244e-03 -4.391490897652912352e-04 5.723785451491641063e-04 2.056128731693317863e-03 1.971083727106977268e-03 -3.329021280810923682e-05 2.360851180174311850e-03 8.348816323740007031e-04 8.817386230822735682e-05
1.884273280964779114e-03 -1.315228604929013415e-05 1.486654589388702787e-03 1.265318501981849402e-03 5.963787136045125593e-04 -6.973538397767284651e-04 2.601964042892314605e-04 2.501444414404853551e-03 -1.241055371744968652e-04 4.689659110566212646e-04
3.040802537356043344e-04 1.434021386498112761e-03 6.271777862921721356e-04 1.008050081541297721e-03 1.372661668714296457e-03 1.895751170730642016e-04 1.022685462293288459e-03 1.494650553193192788e-03 9.051745180897733572e-04 1.216361220046780281e-03
2.285300513506636176e-03 3.524868402081014979e-04 1.469136659928624994e-03 1.516464439750864765e-03 1.445802100766236005e-03 -1.615379868512219295e-03 1.036652183941719462e-04 3.711354219849323684e-03 -7.802633735523319776e-04 1.121431624721168450e-03
2.774996174482979774e-03 5.530531688565668231e-04 2.225647387408383020e-03 2.157931964674333989e-03 1.267089774399120456e-03 -1.687387829089011682e-03 6.295059123884808863e-04 3.865951505104987199e-03 -2.293929962782088048e-04 1.310748611454662111e-03
5.655966152319268428e-04 -8.005143346425351450e-04 -1.424265774516622141e-03 -1.520932853089173968e-03 -3.479361701227100517e-03 2.707688168412744232e-04 1.936931725931427409e-03 -7.248899700345009904e-03 2.346304057738847135e-03 2.538694243609251888e-04
-7.952044152635712965e-07 2.283987374016497804e-03 -3.118961448560730290e-04 2.914985527518990007e-04 -2.465873310720242766e-04 2.276397035684378078e-03 3.350796083837532906e-03 -3.827096001161187783e-03 3.180366713844021663e-03 2.381536435893774704e-03
2.748206658936813967e-04 -6.213175337160887135e-04 -3.196927687602829453e-05 -9.383505112955172226e-04 -6.673158164043755574e-04 4.824833937816808420e-04 5.009032076566938404e-04 -2.013837862713288053e-03 1.125633550282724134e-03 4.276375743110595097e-04
1.088889918441081654e-03 7.039430401781487370e-04 -1.426764878209947976e-03 -4.413374983342952494e-04 -2.349545817439991323e-03 2.710753492346578645e-03 3.337285353527086242e-03 -5.631963136984239303e-03 3.861291706151491650e-03 8.082794799194782534e-04
-1.516356075717289163e-03 1.776911307432059136e-03 -1.440735687370252901e-04 7.763697232087726600e-04 1.722699913737741348e-03 4.986616019117092596e-03 1.618427657498778486e-03 8.204816775159129135e-04 2.662799699089547084e-03 6.269736664746995009e-04
-2.547898082050185052e-03 -4.462707690090555123e-04 -8.689776968217320955e-04 -1.296157427408569296e-03 -6.618571493594263729e-04 1.322328773960504628e-03 -1.765658853729695690e-03 -3.962787561078241001e-04 -8.575319548963555904e-04 -1.884553292449961566e-03
5.413090357509592852e-03 -1.218264712053638210e-03 9.946204668686846502e-04 3.666304073734839635e-04 -4.064669980270801952e-03 -7.627183860988851882e-04 3.753212533536735319e-03 -6.046081832050841445e-03 2.306069125471648697e-03 1.407427943417879782e-03
-4.069368985687478978e-03 -1.658372626438573728e-03 -2.407464414597414778e-03 -2.942365122940874232e-03 -1.892041011653071859e-03 4.443535371067217944e-03 -1.693482783451109386e-03 -3.720206088352707302e-03 9.935544953934823207e-04 -2.666932398415532667e-03
1.593781035471548719e-03 2.421406069666397296e-03 8.028247960263875434e-04 1.635683968497701063e-03 8.435426528723082669e-04 1.217767426193522122e-03 3.060909045851427368e-03 -2.388374185057905326e-04 2.591316733290523113e-03 2.612765508076484496e-03
2.535832324215332874e-04 -1.156462352255263235e-04 -1.326505502142703895e-03 -9.282234182548891035e-04 -2.587483364966567181e-03 2.689211336173955805e-03 1.848096810044438454e-03 -4.842890762955839867e-03 2.864041887054114086e-03 -2.901131159482707791e-04
-2.654173812702404194e-04 4.122530303653277120e-03 -2.003348812100026830e-04 1.556141034948225772e-03 8.121990339485651985e-04 3.459888581445994590e-03 4.158519174058785892e-03 -2.494390119983552149e-03 4.259112385135489266e-03 2.955210142824570094e-03
8.444145731805828949e-04 3.301519144095978360e-03 7.328976186976244233e-04 1.818260714462926900e-03 8.508039672858494192e-04 2.671378594529105928e-03 3.784988162013049658e-03 -1.687469310276902947e-03 3.546179266232274939e-03 2.753482731946058689e-03
1.215532461299234152e-04 3.548536483379254296e-03 1.157711893627070876e-04 1.652232426047107756e-03 8.533331662654273803e-04 3.050930918892181404e-03 4.000701861022342570e-03 -2.627637704557671261e-03 3.955581070016783718e-03 2.722349104005091208e-03
9.678689754229326215e-04 4.506060687441294961e-03 1.498911486608509903e-03 2.718393137326037632e-03 1.715675054625977192e-03 3.135614245317088367e-03 4.903903849054941193e-03 -5.808251729538713680e-04 4.368796164187003714e-03 3.839736267360974349e-03
1.404973607149454960e-03 3.720067370110880390e-03 1.016420722645782707e-03 2.271285136394721096e-03 1.196246681117158752e-03 2.159976503548530647e-03 4.031338779009172035e-03 -3.023371106929182805e-04 3.402303880612386582e-03 2.920500428400970433e-03
1.717750036083477878e-03 3.083279280440611673e-03 7.747784754230804078e-04 2.072912605024728773e-03 7.146329291630666757e-04 2.006232222334054099e-03 3.839254181489761431e-03 -9.933938754949644696e-04 3.478792294670820812e-03 3.077971798845644674e-03
8.826849133859298322e-04 3.715469767306070568e-03 5.152390042081641088e-04 1.978899575381114391e-03 9.297767024285776482e-04 2.397255291167304722e-03 4.036028167367005336e-03 -1.306760878176156052e-03 3.619500807564373333e-03 3.005484483256202523e-03
-4.211956754562939058e-05 3.836624071969489246e-03 2.588153114098636293e-04 1.547275271008030336e-03 8.053400709460363559e-04 3.070305707681229759e-03 3.936843712763812148e-03 -2.298148072558763542e-03 4.093026935994496796e-03 3.210455689495050544e-03
1.269512065314528509e-03 3.282354376678463508e-03 8.590024280835507984e-04 1.852847937680946909e-03 7.364153811952666795e-04 1.982803158612521117e-03 3.709763460668371975e-03 -1.214115860360839199e-03 3.368407115014909400e-03 2.826964715492482922e-03
3.692932204542927091e-04 3.353314477076010242e-03 4.081649384845221682e-04 2.045840573432111415e-03 1.068410354332863070e-03 3.175683679056013568e-03 4.081407212362156943e-03 -1.565041481860448766e-03 3.795567566299199499e-03 2.667125819501214943e-03
-1.160675166887561397e-03 3.064308287680935026e-03 -3.778493491251737921e-04 1.136114042905562701e-03 1.456549276176210064e-03 2.793809515073347651e-03 2.694905042304800331e-03 -1.451950963243646767e-03 2.911996429340990740e-03 2.245132640441015268e-03
-2.009369556608256446e-03 3.501917096489457273e-03 -9.000478432336487698e-04 6.228516297375764335e-04 1.041518196834713850e-03 2.773630162374518364e-03 2.994936453386343352e-03 -2.801811897313978734e-03 3.325143676133290871e-03 2.555236507442778127e-03
-3.468400877969143089e-03 4.392651756389462370e-03 -5.910770958331341453e-04 8.125462274653407618e-04 2.515871485171094525e-03 3.125704897665650128e-03 2.680822946989653167e-03 -9.243144497429382853e-04 2.701668168534687459e-03 2.507424768605598289e-03
-1.005357821419379906e-03 2.575147157022866784e-03 -5.563089849105189600e-04 4.311953878308899014e-04 3.303105837955373032e-04 2.294805572561355120e-03 3.052879470021079445e-03 -3.569822494064575115e-03 2.997203472374919062e-03 2.127352611880291115e-03
-1.690656618631654600e-03 3.161361225130733185e-03 -6.555675867129268520e-04 2.982221735091891723e-04 5.710504382754391910e-04 2.359163990425844262e-03 2.538185445980196877e-03 -2.671208853959111326e-03 3.120277421969258873e-03 1.995082414202634016e-03
-6.646285336398660270e-04 2.614704721374381917e-03 -2.774728058242602541e-04 3.496118187055487193e-04 1.361741147497324764e-04 2.420345745351282392e-03 2.967183558973303381e-03 -3.311376068051120718e-03 2.925387388189892770e-03 2.155185353232111529e-03
-1.264696593210650789e-03 2.951662643005597848e-03 -3.956446086558409059e-04 6.714886381401140259e-04 4.746910596753939793e-04 2.695453272251333455e-03 2.906430390588258562e-03 -2.612870574236369602e-03 3.214168251510313330e-03 2.363416001418158687e-03
-9.625494019657122782e-04 2.905780058889657208e-03 -5.670989617175601185e-04 2.216360390353390246e-04 7.015379916191617174e-05 2.803019429975002128e-03 3.445862272482690981e-03 -3.803839303074746988e-03 3.359650117616751024e-03 2.443916018941312031e-03
-1.342549762183216887e-03 2.872303583736501940e-03 -9.514674299734183095e-04 -4.770078961380543286e-05 -7.087299406194409084e-04 3.077604461039690209e-03 3.118759456314296706e-03 -4.784937454329404351e-03 3.609659231262909735e-03 1.815470385982682899e-03
-1.911281265544689020e-03 3.895209772638799899e-03 -2.357627205830676448e-04 1.285409465046651522e-03 2.137903466373349253e-03 2.712536816278683736e-03 2.167246268613357528e-03 -5.472872489867959501e-04 2.494606995097502136e-03 2.297336741756385563e-03
4.695699892484733154e-04 2.945610095291826495e-03 4.320499890667918973e-04 1.065409491801871163e-03 2.481245532373868492e-04 2.256802184310363439e-03 3.639611197907465217e-03 -2.234366564203489700e-03 3.479791809921050239e-03 2.674939962346073799e-03
2.007678375693994297e-03 8.811533985817725928e-04 1.007075480116707963e-03 1.272894869925144832e-03 -5.207840046101706774e-05 8.993361389170901081e-04 2.684338546234626630e-03 -1.357035040816867823e-03 1.933066877727758742e-03 1.944928028718349161e-03
1.632328606058585860e-03 2.237067204922888256e-03 9.861118880252638021e-04 1.282042250576978385e-03 7.342183745219820271e-04 1.401239952276954861e-03 3.539377965320034212e-03 -1.213586966976487385e-03 3.253485223515143864e-03 2.551081135067247499e-03
2.998417043877837310e-03 3.407081130969292874e-04 1.606074601037962325e-03 8.279691941951180080e-04 -5.133759091911158914e-04 5.721856376036672494e-04 2.748583751410768865e-03 -1.870030419389233150e-03 2.363878990659687342e-03 1.739855615191125259e-03
2.143768404626177938e-03 2.210708633484839269e-03 8.073574409204228690e-04 8.672402790968069966e-04 -7.446342861863195287e-04 1.330465873492604496e-03 3.989061969406560576e-03 -3.466704891375854778e-03 3.543895364438745272e-03 2.892982489561597096e-03
3.598122437365184473e-03 1.359730712338553128e-03 1.745347532616330554e-03 1.236562703309134533e-03 -5.747416996802897585e-04 6.523236984864544483e-04 3.603583418246683861e-03 -2.222088030300368652e-03 3.293213812947174985e-03 2.712832126393657783e-03
1.155977395578668002e-03 1.826390313137808002e-03 4.680830206778022412e-04 1.492874122779345655e-03 1.985945754693627173e-04 1.415543976999759533e-03 3.234720032066808800e-03 -1.720491198052977438e-03 2.715414033101254138e-03 2.394340267811639628e-03
2.490994617027361344e-03 1.360707918682059958e-03 1.678101971775947457e-03 1.497979535437603737e-03 6.014723964624995797e-04 1.009379769393426926e-03 2.520359440241963338e-03 1.739584798420201663e-04 2.105291623102091645e-03 1.780543970220600574e-03
2.006078753305276345e-03 3.050566804629789661e-03 8.029655146395002800e-04 2.229394589724196119e-03 6.246613221896315160e-04 1.748369923462398832e-03 4.039581865697899205e-03 -9.709428497695231147e-04 3.376443326115276949e-03 2.849780785756299978e-03
3.483670588850908047e-03 3.268883334466462761e-04 2.015422070044905860e-03 1.012152621162447320e-03 -1.074690257635405087e-03 3.693396435602165607e-04 3.736695904522275603e-03 -2.540873523465058108e-03 2.495997434951071053e-03 2.015369429238073398e-03
1.390564346765963723e-02 5.594598418221887783e-04 1.323418074716835660e-02 6.980121869030121891e-03 8.540980008494234929e-03 -3.344351475146010392e-03 7.396566562201205980e-03 1.492744870419163844e-02 3.116497532576287949e-03 5.654693527588310412e-03
1.883229579417342731e-02 1.781994061391526914e-03 1.004255676938667872e-02 1.115243309192281117e-02 2.811520916901699609e-03 -4.551851312219816828e-03 6.171907123904790855e-03 1.334096807049733532e-02 3.838139399498887057e-03 5.424837921172776141e-03
-4.788648177276292987e-03 1.201610666993501234e-02 1.103086461824791253e-02 1.245999158368812573e-02 2.577012824441262881e-02 1.464079916375162459e-02 3.588292344306717990e-03 3.299549226743322961e-02 5.292575383533228497e-03 9.328943548768649577e-03
1.428248802826243870e-02 -2.240343675644571389e-02 5.219853275405124914e-03 -6.726447374468080657e-03 -2.140062832568181278e-02 -9.029379996491847943e-03 -1.180755321276495511e-02 -4.124728505649800057e-03 -1.446815075935964194e-02 -1.595550666287281691e-02
1.482000327374448367e-02 -4.646491913382258705e-03 2.957238638758875274e-03 9.247646712296381591e-03 5.111761012388119432e-03 -1.960399857458454756e-02 -8.410787392360752693e-03 2.414280037413159968e-02 -1.440934621407633474e-02 -4.067803623032454664e-03
1.145781485493676567e-02 6.657933168859471104e-03 -2.677669099692782818e-03 1.226114110423400655e-02 1.678759523161763630e-03 -3.219736841604407644e-03 4.263451988277186348e-03 5.369079010348702490e-03 2.537519177215500753e-03 3.887525943981172058e-03
6.286769834530340877e-03 4.100366255970147242e-03 -7.797637502146509761e-03 5.808992870624372744e-03 2.793468353882993128e-03 2.090844841846062341e-02 1.464478926038315955e-02 -9.912563897493946452e-03 2.268115214338065067e-02 4.459120379538343039e-03
-1.332502675383037205e-03 -2.303115246336356371e-03 8.799200448303298424e-05 -5.613630410769098952e-03 -5.099229237788337026e-03 2.086823323307202688e-02 4.161310004365785173e-03 -5.005427630481454164e-03 1.294432247840735656e-02 -4.906921985494379530e-03
-2.137838493615449101e-02 3.724429008347410457e-03 3.885223430843290013e-03 2.050240879535005693e-04 2.371668793905682554e-02 -8.239749761327637423e-03 -2.298679147230916348e-02 4.010041843981934639e-02 -2.175431662461602481e-02 -3.986183818531513316e-03
6.135590491753659288e-03 4.555852928045050522e-03 7.310066843052521503e-03 4.983167534114176650e-03 5.457386606533815195e-03 6.081890062423592506e-04 9.470367459657705496e-04 2.014490603097326624e-02 7.151330593636542497e-04 4.510522576978397667e-03
1.912344037958212161e-03 -2.248510448218445871e-03 2.884321588263726813e-03 -1.306048935293277697e-04 2.254680727538956172e-04 -2.559635850956625686e-04 -2.944112088435559254e-03 4.411857516600224335e-03 -1.742231774536751911e-03 -1.959199408872814522e-03
1.693284911827568420e-02 -1.711741655443608590e-03 7.835165039261680550e-03 5.371123279118148949e-03 -2.909193994064493069e-03 -8.787012783159419554e-03 7.210949773519196963e-03 1.576145730611972330e-03 1.118588258907000877e-03 4.595982122486449127e-03
7.399970237337467026e-03 -2.607651802980408620e-03 6.119703891025428562e-03 4.155653257380785559e-03 5.608874673227327856e-03 -9.190305701375803965e-03 -3.789600412259372213e-03 1.786910226860676312e-02 -7.393140709463767550e-03 -4.856164674952069007e-04
6.343227650291927838e-03 -6.563176735539243654e-03 7.129558329127553586e-03 9.884545845162977153e-04 1.069989359140299454e-03 -6.679262542317507788e-03 -5.956687433054085219e-03 1.191413155553361879e-02 -7.469607545002410892e-03 -3.742238272910322974e-03
2.243218961354826856e-03 2.861377133656150401e-03 -1.712558843248528605e-03 6.467529437970853017e-04 -9.372757612701906578e-04 -7.925146962397773066e-05 3.256102742588147959e-03 -3.500875801601336171e-03 3.757470190025879314e-03 2.900690958112608388e-03
-7.713775719382929066e-03 4.516808571665626923e-03 -1.205781080329580614e-03 1.668807732101648201e-03 6.807485956357716382e-03 7.330661854132134413e-03 -2.756000902385839432e-03 1.034521193330219593e-02 -2.025023749191126626e-05 -1.391566619749422468e-03
2.596252998417409794e-03 -4.334523136029300519e-03 6.096434635053256043e-03 2.210223569880054480e-03 4.610257672056704975e-03 -1.394553786205775768e-02 -9.333777445560244648e-03 1.697789025136017121e-02 -1.400727119230030758e-02 -2.655495996136254117e-03
1.861750113997412978e-03 4.642623040081251054e-03 3.072655470959201416e-04 3.396361378660430787e-03 2.716326487861718281e-03 5.104063850075933086e-03 5.537019749039110046e-03 1.972863571211124617e-04 6.821728914402127794e-03 3.854501333203388252e-03
1.844994023287030438e-02 9.768833343868743146e-04 1.051858203049050276e-02 1.121599659855658168e-02 5.713104480417227800e-03 -8.927037510686080743e-03 4.469433393311263852e-03 1.884634376096786662e-02 -2.125169324219952204e-03 5.418582136549467826e-03
3.409421405786509582e-03 2.997071320132751494e-03 3.730749708108569394e-03 5.509961406854244591e-03 6.856759684598104365e-03 1.812788271047885815e-03 1.599816168925229272e-03 1.091133421085321506e-02 1.504600066186696132e-03 2.578952630326374236e-03
1.265286221730394260e-03 -1.147465919832265469e-04 1.028700325943873468e-03 1.235532221418712481e-03 4.366146140651893130e-04 1.903546100314047751e-03 5.768814753891190290e-04 1.691050472634278434e-03 9.829790896840641390e-04 -1.212817563038680633e-04
-3.089256799929334762e-04 1.040074313544298154e-03 2.824055211113744336e-04 5.229561728528565791e-04 8.881472941220208391e-04 -7.500358457621302769e-04 -1.414854354818835503e-04 9.757020595190480598e-04 -6.052818926909204729e-04 6.535259919283136452e-04
1.921219159063269769e-03 2.331755763614806829e-03 1.651296848644933420e-03 2.541885800318436760e-03 2.073222496403995165e-03 2.704214741742760886e-03 3.226644162088985763e-03 1.600375362984133871e-03 3.487519596384291466e-03 2.200987594706441380e-03
-4.055646031591027961e-03 2.667000255887581406e-04 -3.715769129913344790e-04 -1.057977394866140529e-03 1.318394320860526592e-03 -3.797409638194178239e-04 -2.962804261217939512e-03 1.214208208910603267e-03 -2.929787102847427292e-03 -1.383405949733342195e-03
2.302501940943107485e-03 -6.720095241460236448e-05 5.086874292916190345e-04 1.208026025121845397e-04 -8.060862072147107968e-04 -8.235824731182306855e-04 7.869987816216216089e-04 5.457183612081387120e-05 5.565953016056387993e-04 3.113944480704275973e-04
-5.902772112841501691e-04 1.651997500248765256e-03 -1.633578442669148575e-04 1.239592801176374673e-03 2.273681763773051801e-03 2.453479348379807804e-03 4.912165856875323755e-04 2.718652348067660419e-03 1.608617321514065925e-03 1.475966311611167801e-04
2.800473708514661375e-03 -6.636892152900341398e-05 1.311202933721792837e-03 1.214618391037383888e-03 1.338609245159552317e-03 4.058098532154722090e-04 1.234641982495079948e-03 2.992427517949834258e-03 8.165294812403802024e-04 2.267690867165596431e-04
1.210924772847229080e-03 -5.567753604024714515e-04 1.200229541550304523e-03 8.126764588740455555e-04 1.362893636413009752e-03 -8.917429585406947898e-04 -1.426766813763657906e-03 3.945147223212813227e-03 -1.631893091531778830e-03 -2.766446598952242283e-04
4.772523879622734086e-05 1.251265321733100984e-03 7.132529555150829035e-04 1.083608880211183465e-03 1.027940574895985174e-03 3.427429744986745645e-04 5.015241117038328608e-04 1.079726988128832483e-03 2.478634318263744311e-04 9.696680366381226846e-04
1.604414276023062233e-03 5.856309678261700791e-04 -1.552560688525293558e-04 -1.413550260919391741e-04 -9.870469915212718749e-04 -2.635199442250425912e-03 1.095971201201497141e-03 -3.216177909323695086e-03 -3.289116196074403834e-05 1.529962244525069409e-03
8.856237924656940735e-04 -1.375218286302035348e-03 8.844896402856068911e-04 4.455970705404975929e-04 -7.412412551422720153e-04 -2.123240444456329142e-03 -1.026324001015600914e-03 1.188437827456488181e-03 -1.241041248209872813e-03 -6.293172830397427992e-04
-8.209410998070341102e-04 -7.979992232582201533e-04 -1.049414679017261287e-03 -7.705488272516451383e-04 5.232842714738682871e-06 1.497726865335102407e-03 -2.832445607606874920e-04 -1.848160338336792940e-04 1.004862654424600477e-03 -1.040622838710640596e-04
7.694633821438348750e-04 -1.086018788242330791e-03 1.116738462137046878e-03 -1.058387832862962559e-04 -1.183557860515779521e-03 -1.253126874171386993e-03 -9.130332190275410563e-04 1.526131205536088815e-03 -9.711153373556486671e-04 -9.253205406242612707e-04
6.263656078125491632e-05 -3.672565039724249311e-04 1.540310250319481427e-04 -8.918056709965552112e-06 -5.971690025061369414e-04 5.233785661965913638e-04 -5.166323995906238779e-04 8.237421273226912645e-04 -4.503324270911202932e-04 -1.028636683951752095e-03
-8.884616162429608520e-04 3.244937065643747421e-04 -1.924567924072068559e-04 -9.526812286599547217e-04 -5.100511146417232786e-04 7.244100383395898424e-04 -6.877559121609877653e-04 -1.120093580971879746e-04 1.008467193541087270e-04 -1.050570154598120349e-03
6.730831765620942566e-04 -5.910464541874617481e-04 8.815951984774394448e-04 -7.406040831742877282e-04 -6.005582680540160010e-04 -2.576966546828348206e-04 2.274117234524470189e-04 4.834063837222320214e-04 -1.342521976530749441e-03 -3.660057617425358325e-04
1.400973124116426357e-03 -8.082192965940291707e-04 -2.376907815510320720e-05 -4.242148652520342069e-04 -8.874125222140582581e-05 -3.215905901221134634e-04 -3.061508520605075328e-04 -4.341354795302101804e-04 -6.012201771978923932e-04 -3.298076135671139950e-04
-7.178944029639884117e-04 2.691603373489139992e-04 -7.468204031422414138e-04 -3.754710327282115225e-04 5.106548300888650834e-04 2.788912146629058883e-03 1.182703720988544050e-03 -1.788622625539142098e-03 1.891188520199096716e-03 -2.229823840103826971e-04
2.400939975990602077e-03 -1.955220242355911516e-03 1.607072827033522366e-03 4.335824893993532473e-04 -1.248007586705135626e-03 -2.172333335276878993e-03 -1.924874384260590824e-03 1.700856080601094748e-03 -1.613084992794458061e-03 -1.091182136572771324e-03
-3.494932721567732721e-03 1.132374516781776454e-03 -2.208186857662277139e-03 -5.748670913452286462e-04 2.041955418191914611e-04 4.371869048063534505e-03 9.666626924653644228e-04 -3.465067219635117445e-03 3.247242949327265680e-03 -9.483047357158198561e-05
1.305485593062193648e-03 -7.090497602752659275e-04 4.792250783763964714e-04 1.078692107764822475e-03 4.143120609719365519e-04 -5.443178029175037508e-04 -1.215170323375802490e-03 3.064640154559818488e-03 -1.126110290224284537e-03 -9.677552863279337411e-04
-1.144702746990200644e-03 2.300119953550780537e-04 -1.228635282784460835e-03 -3.391589852703564255e-05 -4.184508403642952482e-04 2.346384245253156729e-03 -2.152165093271441343e-04 -7.808754067337980026e-04 9.272217085695964346e-04 -7.786967175555521399e-04
-1.472497510833382234e-04 -1.188920611982000985e-04 -5.205816462933424062e-04 3.904589451724221482e-04 -3.264767470944269546e-05 1.001358505194087454e-03 -6.279305469166965694e-04 7.721809062863045983e-04 8.446084524803336392e-05 -8.673430391617424455e-04
2.530845169757279514e-04 -2.253104454377432729e-04 -3.148647552503811009e-04 5.766222455809299910e-04 5.033675157987960768e-06 6.743428838780860402e-04 -6.798838021168090041e-04 1.218043458298598324e-03 -2.029170139749634344e-04 -8.015960687096475778e-04
-7.957117422269937429e-03 2.823450119697655785e-03 -5.911793738636326838e-03 -3.163382516495378324e-03 -2.473422044768715071e-03 9.899980181983318236e-03 2.360438592896482203e-03 -1.131013009007052900e-02 6.341965639236388404e-03 -5.405215712596095736e-04
-1.929915786680648504e-03 4.596174069860874643e-04 -1.900272475499522077e-03 -4.644824099964387117e-04 -8.124442488214390955e-04 3.106314443859913444e-03 5.155917639105682968e-05 -2.061255488150982862e-03 1.432228596034983755e-03 -8.671728164966555899e-04
3.264405436124008606e-03 -1.394048962879390749e-03 1.828594472082550144e-03 1.978443797656516227e-03 9.760550215236217303e-04 -2.620386497450499352e-03 -1.853333082707943986e-03 5.815291018889346027e-03 -2.474435604791845600e-03 -9.610290393128887365e-04
1.066862469158761338e-03 -7.175267540603604997e-04 3.246535539801341150e-04 9.156846590557944730e-04 3.507672603770001099e-04 -2.721282429824807688e-04 -1.076296536080753380e-03 2.587641136877808033e-03 -9.264239323707306470e-04 -9.932777727349973926e-04
4.374510207475207878e-03 -1.809922142775979457e-03 2.677311045813163520e-03 2.552702433343851697e-03 1.404735345384425975e-03 -3.887155885802357023e-03 -2.385707755779153602e-03 7.714953518741651285e-03 -3.433226137129825450e-03 -1.025380914739807770e-03
-5.031140171036131573e-04 -1.431085116487137933e-04 -8.623696493604909256e-04 1.379454148412467438e-04 -3.254263354499084895e-04 1.497019340729739603e-03 -5.459691284796074767e-04 1.091341118170906775e-04 2.715023721022606965e-04 -1.013192953134332526e-03
